0 0.356331 0.335092 0.053571 0.086039
0 0.404627 0.310714 0.062500 0.086039
0 0.475649 0.154410 0.076299 0.100379
0 0.465097 0.335809 0.058442 0.107549
0 0.523133 0.318601 0.059253 0.087473
0 0.592127 0.277733 0.052760 0.094643
0 0.634334 0.246185 0.054383 0.086039
0 0.706575 0.403923 0.052760 0.114719
0 0.769481 0.482792 0.060065 0.097511
0 0.812094 0.536567 0.067370 0.087473
0 0.778003 0.808306 0.064123 0.106115
0 0.655844 0.618304 0.047078 0.096077
0 0.605925 0.538001 0.062500 0.104681
0 0.548701 0.731588 0.069805 0.093209
0 0.443994 0.656304 0.056818 0.097511
0 0.496347 0.786080 0.057630 0.121889
0 0.572240 0.854911 0.060065 0.098945
0 0.397321 0.804721 0.056006 0.070265
0 0.412338 0.926610 0.064935 0.098945