0 0.366883 0.154410 0.050325 0.091775
0 0.458604 0.304978 0.053571 0.103247
0 0.573864 0.308563 0.056818 0.098945
0 0.604708 0.175920 0.048701 0.094643
0 0.703734 0.297808 0.055195 0.103247
0 0.789367 0.505736 0.057630 0.103247
0 0.852679 0.843439 0.077110 0.101813
0 0.750406 0.692871 0.052760 0.096077
0 0.690747 0.483509 0.063312 0.096077
0 0.666396 0.609700 0.053571 0.090341
0 0.691964 0.708644 0.047890 0.121889
0 0.626218 0.938569 0.070617 0.122862
0 0.567776 0.946456 0.059253 0.107088
0 0.773133 0.935214 0.049513 0.116153
0 0.539367 0.539435 0.094968 0.113285
0 0.557224 0.598228 0.052760 0.073133
0 0.508117 0.663474 0.058442 0.108983
0 0.458198 0.603247 0.052760 0.108983
0 0.395698 0.652719 0.054383 0.090341
0 0.386364 0.866383 0.056818 0.101813