0 0.366477 0.053314 0.056006 0.093209
0 0.290584 0.262676 0.058442 0.098945
0 0.356737 0.286337 0.052760 0.103247
0 0.436688 0.253355 0.064935 0.100379
0 0.483766 0.317884 0.043831 0.103247
0 0.562500 0.301393 0.063312 0.104681
0 0.634334 0.388866 0.057630 0.098945
0 0.709821 0.337243 0.060877 0.098945
0 0.739448 0.190260 0.058442 0.103247
0 0.752029 0.064069 0.056006 0.108983
0 0.750406 0.879288 0.056006 0.087473
0 0.580357 0.712229 0.058442 0.094643
0 0.594562 0.815476 0.051136 0.094643
0 0.537744 0.923742 0.057630 0.087473
0 0.500000 0.625473 0.063312 0.096077
0 0.474838 0.534416 0.061688 0.100379
0 0.428166 0.635511 0.064123 0.104681