0 0.353896 0.088447 0.042208 0.106115
0 0.447240 0.271997 0.058442 0.103247
0 0.576299 0.284903 0.050325 0.091775
0 0.612825 0.150825 0.048701 0.093209
0 0.702922 0.281318 0.047078 0.098945
0 0.783685 0.502151 0.054383 0.104681
0 0.849026 0.819778 0.063312 0.100379
0 0.747565 0.672795 0.051948 0.101813
0 0.687500 0.473471 0.055195 0.093209
0 0.667614 0.593926 0.056006 0.101813
0 0.675325 0.707210 0.051948 0.110417
0 0.540584 0.523661 0.089286 0.110417
0 0.556818 0.594643 0.053571 0.077435
0 0.510146 0.661323 0.059253 0.078869
0 0.464286 0.591775 0.056818 0.108983
0 0.385958 0.611851 0.064123 0.091775
0 0.387987 0.812608 0.050325 0.106115
0 0.565341 0.927327 0.056006 0.114719
0 0.622159 0.942871 0.064123 0.114258
0 0.768669 0.918006 0.043831 0.087473