0 0.506088 0.212486 0.054383 0.073133
0 0.617695 0.259808 0.048701 0.090341
0 0.745942 0.059767 0.061688 0.091775
0 0.700081 0.324337 0.057630 0.104681
0 0.792208 0.526529 0.058442 0.096077
0 0.712256 0.517208 0.064123 0.100379
0 0.571023 0.431886 0.044643 0.081737
0 0.580357 0.641964 0.061688 0.086039
0 0.427354 0.607549 0.051136 0.097511
0 0.488231 0.700041 0.059253 0.104681
0 0.500000 0.895779 0.063312 0.100379
0 0.624188 0.747362 0.056818 0.087473
0 0.725244 0.657021 0.054383 0.096077
0 0.785308 0.783929 0.060877 0.106115
0 0.889610 0.905817 0.069805 0.100379