0 0.378653 0.394602 0.054383 0.098945
0 0.523539 0.467018 0.056818 0.086039
0 0.589286 0.396753 0.058442 0.091775
0 0.586039 0.206034 0.047078 0.086039
0 0.713474 0.337243 0.051948 0.084605
0 0.715909 0.491396 0.063312 0.094643
0 0.801136 0.512189 0.053571 0.093209
0 0.489854 0.685701 0.062500 0.113285
0 0.424107 0.697890 0.051136 0.091775
0 0.640422 0.690003 0.061688 0.078869
0 0.726055 0.634794 0.059253 0.103247
0 0.817370 0.779627 0.066558 0.108983
0 0.885552 0.887175 0.055195 0.094643
0 0.738231 0.880722 0.062500 0.090341
0 0.565341 0.832684 0.094968 0.114719
0 0.494724 0.841288 0.065747 0.100379
0 0.742289 0.047091 0.057630 0.094182