0 0.246753 0.087013 0.055195 0.097511
0 0.324675 0.180939 0.055195 0.121889
0 0.425325 0.144372 0.055195 0.114719
0 0.464286 0.190977 0.051948 0.107549
0 0.558036 0.244034 0.060877 0.104681
0 0.629058 0.291356 0.048701 0.081737
0 0.689123 0.243317 0.064935 0.091775
0 0.721997 0.140070 0.056006 0.100379
0 0.748782 0.049012 0.054383 0.090341
0 0.772727 0.791815 0.060065 0.096077
0 0.608360 0.729437 0.060877 0.086039
0 0.590909 0.649134 0.043831 0.083171
0 0.502841 0.534416 0.054383 0.088907
0 0.549513 0.824797 0.064935 0.107549
0 0.417208 0.476339 0.061688 0.090341
0 0.470779 0.457698 0.056818 0.078869
0 0.389610 0.866383 0.066558 0.087473
0 0.433442 0.883590 0.060065 0.084605