0 0.420860 0.175920 0.057630 0.103247
0 0.553977 0.193128 0.049513 0.097511
0 0.608360 0.096334 0.054383 0.090341
0 0.707386 0.226826 0.054383 0.087473
0 0.656250 0.435471 0.057630 0.097511
0 0.767451 0.500717 0.052760 0.096077
0 0.837662 0.766004 0.058442 0.093209
0 0.745536 0.631926 0.052760 0.097511
0 0.803571 0.959361 0.061688 0.081277
0 0.727273 0.872835 0.045455 0.103247
0 0.645698 0.730871 0.052760 0.083171
0 0.553977 0.550906 0.049513 0.070265
0 0.545455 0.443358 0.095779 0.101813
0 0.518263 0.594643 0.057630 0.094643
0 0.470373 0.538001 0.051136 0.087473
0 0.357549 0.442641 0.060877 0.086039
0 0.398133 0.693588 0.046266 0.091775
0 0.449269 0.877137 0.051136 0.114719
0 0.557630 0.919440 0.064935 0.104681
0 0.598620 0.949324 0.065747 0.101352
0 0.649351 0.526529 0.051948 0.096077