0 0.326705 0.055695 0.052760 0.111390
0 0.364854 0.377394 0.054383 0.110417
0 0.413961 0.337243 0.048701 0.093209
0 0.469156 0.365206 0.060065 0.106115
0 0.491071 0.211769 0.076299 0.106115
0 0.526380 0.341545 0.059253 0.093209
0 0.602679 0.318601 0.054383 0.104681
0 0.636769 0.287771 0.047890 0.103247
0 0.706575 0.446226 0.047890 0.110417
0 0.765016 0.492830 0.068994 0.097511
0 0.808847 0.584605 0.065747 0.100379
0 0.778815 0.839137 0.067370 0.101813
0 0.661526 0.659889 0.048701 0.107549
0 0.608766 0.578869 0.061688 0.091775
0 0.552354 0.766721 0.070617 0.100379
0 0.448052 0.674946 0.058442 0.106115
0 0.400162 0.847024 0.060065 0.100379
0 0.500000 0.848458 0.056818 0.137662
0 0.567370 0.902232 0.063312 0.098945
0 0.703328 0.045657 0.059253 0.091314