0 0.303977 0.074824 0.044643 0.096077
0 0.377841 0.353734 0.052760 0.083171
0 0.468344 0.379545 0.050325 0.106115
0 0.585227 0.359470 0.060065 0.097511
0 0.601055 0.208902 0.047890 0.097511
0 0.700893 0.320035 0.049513 0.107549
0 0.788961 0.507887 0.050325 0.101813
0 0.861201 0.877137 0.060065 0.097511
0 0.783279 0.717248 0.069805 0.110417
0 0.687906 0.628341 0.059253 0.090341
0 0.695617 0.493547 0.055195 0.101813
0 0.550731 0.576718 0.075487 0.101813
0 0.564529 0.625473 0.060877 0.064529
0 0.508929 0.697173 0.056818 0.104681
0 0.457792 0.637662 0.055195 0.111851
0 0.407062 0.788948 0.060877 0.090341
0 0.553166 0.946456 0.056006 0.107088
0 0.621347 0.954343 0.062500 0.091314
0 0.770292 0.950041 0.061688 0.099918
0 0.691153 0.780344 0.052760 0.107549