0 0.316964 0.198864 0.051136 0.094643
0 0.386364 0.451245 0.056818 0.083171
0 0.473214 0.396753 0.051948 0.103247
0 0.588068 0.379545 0.052760 0.100379
0 0.588474 0.211769 0.047078 0.088907
0 0.701299 0.322903 0.048701 0.113285
0 0.807224 0.495698 0.047890 0.091775
0 0.797078 0.720833 0.058442 0.106115
0 0.868912 0.886458 0.056006 0.107549
0 0.769075 0.950758 0.056006 0.098484
0 0.697240 0.836986 0.053571 0.091775
0 0.701299 0.631926 0.048701 0.091775
0 0.696834 0.494981 0.057630 0.101813
0 0.609172 0.646983 0.059253 0.098945
0 0.559253 0.611134 0.081169 0.136228
0 0.474432 0.664908 0.059253 0.108983
0 0.507305 0.722984 0.053571 0.107549
0 0.415179 0.869251 0.060877 0.110417
0 0.734578 0.048525 0.048701 0.097050