0 0.426136 0.160863 0.055195 0.113285
0 0.420049 0.423282 0.052760 0.113285
0 0.369724 0.507887 0.041396 0.078869
0 0.426948 0.701475 0.066558 0.093209
0 0.480114 0.591058 0.060877 0.104681
0 0.498782 0.771740 0.056006 0.116153
0 0.448864 0.886458 0.060065 0.084605
0 0.580763 0.613285 0.062500 0.111851
0 0.686688 0.754532 0.045455 0.093209
0 0.737419 0.643398 0.060877 0.088907
0 0.771104 0.385281 0.055195 0.103247
0 0.802354 0.322186 0.060877 0.106115
0 0.676136 0.180222 0.048701 0.108983
0 0.607143 0.049959 0.061688 0.099918
0 0.630276 0.343696 0.051136 0.103247
0 0.556412 0.282752 0.057630 0.104681
0 0.520698 0.426867 0.054383 0.097511