0 0.346185 0.187392 0.065747 0.094643
0 0.509740 0.312148 0.071429 0.108983
0 0.525162 0.085579 0.055195 0.088907
0 0.620942 0.403206 0.051948 0.101813
0 0.646510 0.332941 0.052760 0.104681
0 0.713068 0.127881 0.054383 0.087473
0 0.710633 0.525812 0.038149 0.114719
0 0.761769 0.497132 0.060877 0.106115
0 0.814123 0.646983 0.064935 0.093209
0 0.781250 0.902232 0.056006 0.113285
0 0.688312 0.741626 0.051948 0.098945
0 0.609984 0.657738 0.062500 0.091775
0 0.560065 0.842005 0.056818 0.084605
0 0.574269 0.945969 0.070617 0.097511
0 0.455763 0.728720 0.057630 0.121889
0 0.377841 0.463433 0.052760 0.090341
0 0.446429 0.429735 0.040584 0.103247
0 0.486201 0.463433 0.058442 0.093209
0 0.540179 0.439056 0.049513 0.076001
0 0.402192 0.958644 0.052760 0.082711
0 0.495942 0.904383 0.061688 0.120455