0 0.484578 0.405357 0.051948 0.080303
0 0.554789 0.406074 0.047890 0.084605
0 0.624188 0.279167 0.045455 0.083171
0 0.707386 0.365923 0.052760 0.090341
0 0.698052 0.543736 0.061688 0.101813
0 0.778003 0.557359 0.060877 0.088907
0 0.752841 0.055465 0.054383 0.100379
0 0.484578 0.744494 0.056818 0.107549
0 0.573458 0.730154 0.056006 0.107549
0 0.633523 0.831250 0.049513 0.088907
0 0.716721 0.897213 0.053571 0.097511
0 0.853084 0.897930 0.063312 0.104681
0 0.503653 0.925176 0.060877 0.110417
0 0.448864 0.951475 0.055195 0.097050