0 0.406656 0.459131 0.047078 0.110417
0 0.540584 0.505736 0.051948 0.091775
0 0.576299 0.421848 0.050325 0.081737
0 0.605114 0.246902 0.049513 0.090341
0 0.531250 0.084145 0.046266 0.074567
0 0.742695 0.048525 0.051948 0.097050
0 0.715097 0.337960 0.047078 0.086039
0 0.795049 0.516491 0.047890 0.090341
0 0.714286 0.500717 0.056818 0.098945
0 0.729708 0.639096 0.048701 0.086039
0 0.644075 0.692871 0.054383 0.081737
0 0.481737 0.692871 0.052760 0.101813
0 0.434659 0.791098 0.043019 0.088907
0 0.497971 0.872119 0.060877 0.101813
0 0.550731 0.924459 0.093344 0.114719
0 0.738231 0.915855 0.060877 0.097511
0 0.819399 0.787514 0.057630 0.110417
0 0.885958 0.890043 0.051136 0.097511