0 0.541396 0.052597 0.043831 0.077435
0 0.743912 0.047808 0.052760 0.095616
0 0.602679 0.227543 0.051136 0.077435
0 0.712256 0.340828 0.052760 0.083171
0 0.797078 0.514340 0.051948 0.091775
0 0.582386 0.410376 0.056006 0.090341
0 0.396510 0.427584 0.051136 0.101813
0 0.530032 0.491396 0.060065 0.094643
0 0.487013 0.691437 0.058442 0.110417
0 0.430601 0.749513 0.044643 0.080303
0 0.500000 0.862081 0.053571 0.104681
0 0.642451 0.690720 0.060877 0.083171
0 0.714692 0.493547 0.060877 0.096077
0 0.728490 0.633360 0.052760 0.094643
0 0.819805 0.783929 0.048701 0.103247
0 0.884740 0.885741 0.058442 0.094643
0 0.738636 0.893628 0.058442 0.110417
0 0.557224 0.881439 0.086851 0.123323