0 0.392451 0.251921 0.052760 0.114719
0 0.312094 0.109957 0.038149 0.094643
0 0.376218 0.665625 0.056006 0.101813
0 0.407873 0.518642 0.059253 0.111851
0 0.456169 0.415395 0.064935 0.111851
0 0.499594 0.581737 0.056006 0.108983
0 0.466315 0.704343 0.062500 0.098945
0 0.484578 0.819061 0.055195 0.107549
0 0.560065 0.875703 0.042208 0.106115
0 0.570617 0.433320 0.058442 0.116153
0 0.482955 0.181656 0.050325 0.100379
0 0.516640 0.067654 0.047890 0.093209
0 0.597403 0.175203 0.048701 0.104681
0 0.719968 0.470603 0.050325 0.107549
0 0.740666 0.309997 0.059253 0.098945
0 0.775162 0.184524 0.061688 0.106115
0 0.650974 0.567397 0.058442 0.100379
0 0.583604 0.956494 0.050325 0.087012
0 0.447646 0.941667 0.067370 0.103247