0 0.498377 0.332941 0.056818 0.090341
0 0.620942 0.271280 0.047078 0.087473
0 0.704951 0.353017 0.052760 0.087473
0 0.711039 0.530831 0.058442 0.090341
0 0.547890 0.408942 0.042208 0.078869
0 0.468344 0.686418 0.061688 0.100379
0 0.425325 0.805438 0.058442 0.086039
0 0.567776 0.705060 0.044643 0.100379
0 0.697646 0.715097 0.047890 0.086039
0 0.777192 0.540152 0.047890 0.088907
0 0.753247 0.821929 0.050325 0.098945
0 0.560471 0.883590 0.054383 0.073133
0 0.500000 0.924459 0.058442 0.100379
0 0.857549 0.902232 0.060877 0.107549
0 0.740666 0.069088 0.051136 0.101813