0 0.334010 0.215354 0.057630 0.098945
0 0.383929 0.232562 0.061688 0.090341
0 0.456169 0.284903 0.055195 0.100379
0 0.497971 0.224675 0.051136 0.100379
0 0.570211 0.173052 0.065747 0.100379
0 0.627029 0.173769 0.056006 0.110417
0 0.695211 0.331507 0.047890 0.119021
0 0.763799 0.464150 0.058442 0.114719
0 0.815747 0.479924 0.058442 0.097511
0 0.773945 0.761702 0.062500 0.101813
0 0.727679 0.951705 0.062500 0.091775
0 0.653409 0.530114 0.047078 0.111851
0 0.589286 0.456981 0.048701 0.108983
0 0.550731 0.634077 0.072240 0.104681
0 0.565747 0.771023 0.061688 0.088907
0 0.487825 0.713663 0.064935 0.108983
0 0.410308 0.831967 0.062500 0.116153
0 0.394886 0.755249 0.056006 0.086039
0 0.433847 0.586039 0.062500 0.100379
0 0.514610 0.945022 0.064935 0.109956