0 0.379058 0.140787 0.053571 0.090341
0 0.418831 0.194562 0.053571 0.091775
0 0.500000 0.188109 0.051948 0.113285
0 0.514610 0.068371 0.050325 0.108983
0 0.576299 0.066220 0.050325 0.116153
0 0.631494 0.064069 0.058442 0.094643
0 0.624594 0.447660 0.052760 0.093209
0 0.581981 0.411093 0.047078 0.083171
0 0.811282 0.496415 0.043019 0.110417
0 0.882305 0.839137 0.058442 0.087473
0 0.562094 0.949554 0.049513 0.078869
0 0.476461 0.804004 0.063312 0.091775
0 0.439935 0.500717 0.066558 0.090341
0 0.548701 0.591058 0.060065 0.073133
0 0.370942 0.375244 0.056818 0.100379
0 0.364854 0.866383 0.054383 0.090341