0 0.486607 0.385998 0.047890 0.084605
0 0.547484 0.398904 0.041396 0.093209
0 0.624188 0.275582 0.045455 0.087473
0 0.708604 0.367357 0.048701 0.090341
0 0.775568 0.559510 0.056006 0.090341
0 0.701705 0.538001 0.060877 0.107549
0 0.745942 0.060484 0.051948 0.096077
0 0.650568 0.788231 0.049513 0.086039
0 0.568182 0.718682 0.055195 0.107549
0 0.480519 0.735173 0.060065 0.108983
0 0.439529 0.923025 0.060877 0.088907
0 0.504870 0.934497 0.061688 0.108983
0 0.723620 0.881439 0.052760 0.103247
0 0.855114 0.892911 0.064123 0.106115