0 0.383929 0.165165 0.050325 0.110417
0 0.381088 0.406074 0.072240 0.090341
0 0.338474 0.473471 0.069805 0.087473
0 0.448864 0.336526 0.060065 0.111851
0 0.497159 0.456981 0.054383 0.100379
0 0.564935 0.383130 0.064935 0.098945
0 0.640016 0.479924 0.059253 0.108983
0 0.715097 0.403206 0.064935 0.098945
0 0.745130 0.254072 0.056818 0.098945
0 0.762175 0.120712 0.053571 0.104681
0 0.586445 0.094900 0.047890 0.110417
0 0.462662 0.047091 0.060065 0.094182
0 0.434659 0.801853 0.060877 0.098945
0 0.480925 0.615436 0.057630 0.093209
0 0.495942 0.730871 0.053571 0.094643
0 0.567370 0.792532 0.042208 0.100379
0 0.579545 0.877854 0.047078 0.113285
0 0.735795 0.937365 0.064123 0.111851