0 0.500000 0.271997 0.053571 0.097511
0 0.620536 0.268412 0.047890 0.093209
0 0.692776 0.327922 0.052760 0.094643
0 0.744318 0.068371 0.058442 0.094643
0 0.786932 0.535850 0.057630 0.097511
0 0.711851 0.525812 0.060065 0.103247
0 0.571023 0.433320 0.047890 0.081737
0 0.576705 0.685701 0.059253 0.104681
0 0.475244 0.682116 0.057630 0.106115
0 0.424919 0.705060 0.056006 0.091775
0 0.502029 0.901515 0.062500 0.103247
0 0.596185 0.818344 0.052760 0.080303
0 0.723214 0.667776 0.053571 0.097511
0 0.769481 0.788231 0.061688 0.086039
0 0.875406 0.903666 0.067370 0.101813