0 0.365666 0.374527 0.049513 0.090341
0 0.511364 0.450528 0.060065 0.078869
0 0.595779 0.383130 0.058442 0.096077
0 0.584821 0.194562 0.052760 0.086039
0 0.712662 0.332941 0.047078 0.093209
0 0.740666 0.044940 0.056006 0.089880
0 0.807224 0.506453 0.060877 0.098945
0 0.713880 0.490679 0.062500 0.098945
0 0.724432 0.634077 0.052760 0.093209
0 0.642045 0.685701 0.056818 0.081737
0 0.816558 0.770306 0.061688 0.110417
0 0.884334 0.880005 0.054383 0.094643
0 0.728896 0.863515 0.055195 0.090341
0 0.416802 0.646983 0.046266 0.093209
0 0.485795 0.688569 0.059253 0.113285
0 0.495942 0.829099 0.058442 0.104681
0 0.567776 0.794683 0.083604 0.107549