0 0.491071 0.363772 0.055195 0.086039
0 0.543425 0.387432 0.043019 0.073133
0 0.622565 0.274865 0.048701 0.086039
0 0.707386 0.363772 0.046266 0.094643
0 0.738231 0.074107 0.049513 0.091775
0 0.705763 0.536567 0.056006 0.090341
0 0.773133 0.561661 0.051136 0.074567
0 0.853896 0.890760 0.056818 0.101813
0 0.728896 0.864949 0.050325 0.107549
0 0.659903 0.763853 0.045455 0.083171
0 0.566153 0.718682 0.047890 0.096077
0 0.476461 0.720116 0.060065 0.104681
0 0.434659 0.877854 0.060877 0.084605
0 0.502029 0.937365 0.062500 0.108983
0 0.549513 0.950988 0.055195 0.081737