0 0.410308 0.402489 0.052760 0.111851
0 0.460227 0.413244 0.058442 0.078869
0 0.507711 0.459131 0.052760 0.107549
0 0.552354 0.198147 0.062500 0.104681
0 0.628247 0.259091 0.060065 0.083171
0 0.677760 0.224675 0.050325 0.097511
0 0.713474 0.106372 0.053571 0.081737
0 0.454951 0.132183 0.057630 0.116153
0 0.418831 0.097768 0.053571 0.096077
0 0.311688 0.145806 0.063312 0.129058
0 0.586445 0.603247 0.046266 0.100379
0 0.608360 0.682833 0.049513 0.093209
0 0.785714 0.748796 0.060065 0.098945
0 0.552354 0.787514 0.065747 0.096077
0 0.390016 0.778193 0.057630 0.086039
0 0.428977 0.806155 0.062500 0.081737