0 0.425731 0.747362 0.054383 0.096077
0 0.474838 0.681399 0.051948 0.104681
0 0.501623 0.299959 0.048701 0.084605
0 0.620942 0.275582 0.047078 0.090341
0 0.742289 0.074107 0.046266 0.094643
0 0.704140 0.338677 0.052760 0.076001
0 0.557224 0.425433 0.044643 0.094643
0 0.711039 0.527246 0.056818 0.094643
0 0.786120 0.537284 0.057630 0.103247
0 0.571023 0.696456 0.046266 0.097511
0 0.714286 0.687135 0.050325 0.090341
0 0.763799 0.799702 0.061688 0.094643
0 0.582792 0.835552 0.058442 0.080303
0 0.502435 0.907251 0.056818 0.094643
0 0.865666 0.905100 0.060877 0.110417