0 0.439123 0.240449 0.056818 0.108983
0 0.573458 0.257657 0.051136 0.091775
0 0.612419 0.132900 0.047890 0.094643
0 0.704951 0.263393 0.047890 0.106115
0 0.776380 0.502868 0.056006 0.108983
0 0.844968 0.807589 0.063312 0.104681
0 0.757305 0.897930 0.047078 0.104681
0 0.747159 0.662040 0.047890 0.100379
0 0.679789 0.466301 0.059253 0.107549
0 0.663149 0.570982 0.053571 0.090341
0 0.665990 0.728003 0.057630 0.088907
0 0.565747 0.936648 0.058442 0.113285
0 0.617289 0.945022 0.057630 0.109956
0 0.541396 0.505019 0.086039 0.113285
0 0.559253 0.580303 0.056818 0.077435
0 0.514205 0.654153 0.057630 0.076001
0 0.467127 0.588190 0.059253 0.081737
0 0.375812 0.546604 0.056818 0.070265
0 0.398133 0.789665 0.056006 0.091775
0 0.415990 0.943818 0.064123 0.101813