0 0.319399 0.137919 0.054383 0.098945
0 0.375406 0.168750 0.056006 0.088907
0 0.450081 0.255506 0.057630 0.096077
0 0.493101 0.193845 0.051136 0.078869
0 0.562500 0.125014 0.047078 0.093209
0 0.622159 0.146523 0.060877 0.093209
0 0.687500 0.301393 0.050325 0.093209
0 0.767857 0.454830 0.061688 0.119021
0 0.815341 0.431169 0.060877 0.108983
0 0.650974 0.480641 0.043831 0.098945
0 0.582386 0.403923 0.051136 0.117587
0 0.548295 0.596794 0.062500 0.101813
0 0.762581 0.738041 0.060877 0.088907
0 0.719156 0.908685 0.064935 0.086039
0 0.563312 0.732305 0.063312 0.083171
0 0.508523 0.923742 0.056006 0.098945
0 0.487825 0.670644 0.053571 0.106115
0 0.427354 0.558793 0.049513 0.097511
0 0.396916 0.723701 0.053571 0.065963
0 0.422078 0.826231 0.064935 0.090341