0 0.369318 0.218222 0.053571 0.090341
0 0.462662 0.326488 0.055195 0.100379
0 0.579545 0.330073 0.058442 0.093209
0 0.605519 0.193128 0.053571 0.088907
0 0.697646 0.303544 0.049513 0.114719
0 0.785308 0.507170 0.056006 0.091775
0 0.857955 0.852760 0.066558 0.106115
0 0.755276 0.703626 0.049513 0.094643
0 0.691964 0.484943 0.060877 0.101813
0 0.669237 0.614002 0.054383 0.090341
0 0.696834 0.720116 0.052760 0.107549
0 0.538555 0.548038 0.091721 0.113285
0 0.560065 0.615436 0.053571 0.093209
0 0.504058 0.674229 0.061688 0.104681
0 0.454140 0.620455 0.059253 0.100379
0 0.397727 0.704343 0.068182 0.101813
0 0.379870 0.913704 0.051948 0.101813
0 0.560877 0.947890 0.060065 0.104220
0 0.627029 0.950041 0.062500 0.099918
0 0.776380 0.950041 0.052760 0.099918