0 0.327110 0.189543 0.045455 0.084605
0 0.408685 0.067654 0.057630 0.104681
0 0.407062 0.304261 0.057630 0.090341
0 0.465097 0.463433 0.063312 0.110417
0 0.430601 0.573850 0.057630 0.101813
0 0.382711 0.748796 0.064123 0.098945
0 0.462256 0.754532 0.062500 0.096077
0 0.496753 0.638379 0.053571 0.098945
0 0.573458 0.491396 0.060877 0.097511
0 0.492289 0.248336 0.052760 0.107549
0 0.526380 0.142221 0.057630 0.087473
0 0.610390 0.216788 0.047078 0.104681
0 0.655844 0.071239 0.055195 0.114719
0 0.744318 0.345847 0.056818 0.093209
0 0.782468 0.237581 0.061688 0.094643
0 0.724432 0.500717 0.057630 0.098945
0 0.655844 0.624040 0.058442 0.081737
0 0.560877 0.909402 0.053571 0.093209
0 0.486607 0.870685 0.056006 0.096077