0 0.496347 0.346564 0.047890 0.086039
0 0.622565 0.274148 0.048701 0.087473
0 0.743101 0.074824 0.051136 0.101813
0 0.545049 0.392451 0.039773 0.071699
0 0.709416 0.360904 0.048701 0.091775
0 0.708604 0.535850 0.060065 0.094643
0 0.775974 0.555925 0.055195 0.074567
0 0.675325 0.738041 0.051948 0.086039
0 0.566153 0.714380 0.046266 0.093209
0 0.472403 0.700758 0.051948 0.094643
0 0.429789 0.846307 0.059253 0.084605
0 0.499188 0.932346 0.058442 0.104681
0 0.552760 0.905817 0.051948 0.080303
0 0.740260 0.837703 0.051948 0.104681
0 0.855925 0.892911 0.060877 0.106115