0 0.314123 0.140787 0.045455 0.090341
0 0.383523 0.406074 0.049513 0.084605
0 0.471591 0.390300 0.050325 0.107549
0 0.588474 0.370225 0.047078 0.093209
0 0.596185 0.213203 0.044643 0.094643
0 0.700893 0.322186 0.049513 0.111851
0 0.800325 0.502868 0.042208 0.100379
0 0.866477 0.881439 0.060877 0.086039
0 0.787338 0.713663 0.053571 0.100379
0 0.693994 0.500000 0.060065 0.094643
0 0.694399 0.631209 0.051136 0.090341
0 0.693994 0.814042 0.063312 0.108983
0 0.771916 0.942871 0.053571 0.114258
0 0.509334 0.715097 0.059253 0.100379
0 0.558847 0.601096 0.075487 0.124756
0 0.586039 0.631926 0.050325 0.077435
0 0.466315 0.647700 0.051136 0.114719
0 0.413149 0.822646 0.055195 0.106115
0 0.732143 0.059050 0.048701 0.078869