0 0.340909 0.124297 0.056818 0.088907
0 0.500000 0.273431 0.076299 0.091775
0 0.522321 0.047808 0.049513 0.095616
0 0.609984 0.346564 0.051136 0.103247
0 0.642451 0.314299 0.054383 0.098945
0 0.711445 0.095617 0.046266 0.088907
0 0.707792 0.482075 0.050325 0.104681
0 0.765422 0.497132 0.055195 0.103247
0 0.810065 0.618304 0.063312 0.093209
0 0.775162 0.866383 0.069805 0.093209
0 0.676948 0.695739 0.045455 0.098945
0 0.609578 0.618304 0.068182 0.087473
0 0.553166 0.804721 0.062500 0.101813
0 0.573864 0.928761 0.068182 0.108983
0 0.500812 0.887175 0.058442 0.114719
0 0.457386 0.702192 0.067370 0.108983
0 0.398539 0.902949 0.056818 0.100379
0 0.370942 0.426150 0.053571 0.098945
0 0.428166 0.380979 0.059253 0.108983
0 0.471185 0.406791 0.059253 0.097511
0 0.534903 0.399621 0.058442 0.097511