0 0.380276 0.283469 0.054383 0.086039
0 0.463068 0.350149 0.049513 0.107549
0 0.581981 0.350149 0.063312 0.096077
0 0.606331 0.204600 0.047078 0.083171
0 0.699675 0.312148 0.048701 0.108983
0 0.787744 0.507170 0.052760 0.106115
0 0.863231 0.869251 0.065747 0.104681
0 0.776380 0.950758 0.047890 0.098484
0 0.760146 0.710078 0.051136 0.087473
0 0.697240 0.488528 0.053571 0.091775
0 0.678977 0.616870 0.056006 0.087473
0 0.689935 0.753098 0.051948 0.087473
0 0.626623 0.951475 0.068182 0.097050
0 0.559253 0.957210 0.058442 0.085579
0 0.508929 0.697173 0.060065 0.107549
0 0.540584 0.563095 0.095779 0.106115
0 0.559659 0.626907 0.060877 0.073133
0 0.451705 0.629058 0.059253 0.103247
0 0.402192 0.763136 0.057630 0.078869
0 0.378247 0.947173 0.051948 0.105654