0 0.402597 0.335092 0.060065 0.120455
0 0.450893 0.344413 0.060877 0.093209
0 0.508929 0.405357 0.055195 0.111851
0 0.548701 0.165165 0.056818 0.107549
0 0.618912 0.213203 0.057630 0.086039
0 0.669237 0.193845 0.047890 0.084605
0 0.711851 0.087013 0.053571 0.083171
0 0.449675 0.056899 0.058442 0.108983
0 0.805195 0.700041 0.064935 0.087473
0 0.586039 0.576001 0.043831 0.091775
0 0.608360 0.631926 0.043019 0.094643
0 0.551542 0.758117 0.060877 0.080303
0 0.427354 0.734456 0.062500 0.087473
0 0.392451 0.690003 0.062500 0.098945
0 0.300325 0.109240 0.055195 0.116153