0 0.384334 0.585322 0.051136 0.078869
0 0.420049 0.451962 0.054383 0.121889
0 0.439123 0.206034 0.063312 0.097511
0 0.532873 0.479924 0.064123 0.103247
0 0.480114 0.608266 0.057630 0.090341
0 0.428977 0.735173 0.067370 0.117587
0 0.443588 0.943101 0.067370 0.111851
0 0.497971 0.807589 0.057630 0.130492
0 0.573052 0.652002 0.056818 0.094643
0 0.697240 0.801136 0.066558 0.100379
0 0.742695 0.694305 0.050325 0.087473
0 0.771104 0.421131 0.061688 0.103247
0 0.806412 0.369508 0.059253 0.097511
0 0.683442 0.207468 0.047078 0.100379
0 0.609984 0.079843 0.054383 0.100379
0 0.481737 0.074824 0.057630 0.087473
0 0.566964 0.317884 0.054383 0.108983
0 0.635552 0.385281 0.051948 0.108983