0 0.357143 0.303544 0.061688 0.086039
0 0.362013 0.081277 0.047078 0.108983
0 0.410714 0.155127 0.058442 0.087473
0 0.492289 0.148674 0.047890 0.108983
0 0.506088 0.054978 0.047890 0.109956
0 0.623377 0.398187 0.050325 0.088907
0 0.579545 0.380262 0.051948 0.070265
0 0.806006 0.485660 0.040584 0.091775
0 0.892857 0.819778 0.051948 0.091775
0 0.576299 0.907968 0.063312 0.076001
0 0.481331 0.762419 0.060065 0.086039
0 0.364448 0.779627 0.056818 0.086039
0 0.433442 0.904383 0.064935 0.074567
0 0.517045 0.955777 0.050325 0.088446
0 0.445617 0.441207 0.061688 0.091775
0 0.547484 0.550906 0.056006 0.078869