0 0.410714 0.489962 0.045455 0.111851
0 0.551948 0.536567 0.048701 0.104681
0 0.573052 0.421848 0.047078 0.084605
0 0.523539 0.117844 0.047078 0.078869
0 0.742695 0.049242 0.050325 0.098484
0 0.609578 0.246185 0.050325 0.100379
0 0.715909 0.333658 0.048701 0.103247
0 0.711851 0.507887 0.056818 0.096077
0 0.790584 0.520793 0.050325 0.090341
0 0.642857 0.703626 0.055195 0.068831
0 0.480114 0.696456 0.054383 0.100379
0 0.442370 0.848458 0.042208 0.086039
0 0.499188 0.888609 0.063312 0.106115
0 0.735795 0.957210 0.064123 0.085579
0 0.730114 0.644115 0.052760 0.093209
0 0.814123 0.783929 0.056818 0.100379
0 0.886769 0.895062 0.056006 0.093209