0 0.422890 0.567397 0.048701 0.108983
0 0.480925 0.699324 0.049513 0.103247
0 0.573864 0.614719 0.061688 0.083171
0 0.634334 0.718682 0.057630 0.093209
0 0.726461 0.654153 0.053571 0.098945
0 0.514205 0.174486 0.051136 0.083171
0 0.615260 0.259091 0.048701 0.091775
0 0.743506 0.054748 0.056818 0.093209
0 0.708198 0.325771 0.056006 0.090341
0 0.790584 0.525812 0.061688 0.086039
0 0.710633 0.512189 0.059253 0.096077
0 0.570211 0.426150 0.046266 0.084605
0 0.790990 0.783929 0.057630 0.097511
0 0.892451 0.899364 0.067370 0.096077
0 0.501218 0.888609 0.062500 0.114719
0 0.448052 0.949554 0.050325 0.090341