0 0.303166 0.060484 0.052760 0.101813
0 0.367289 0.109240 0.046266 0.087473
0 0.445617 0.235430 0.058442 0.098945
0 0.491883 0.144372 0.051948 0.080303
0 0.547890 0.079126 0.055195 0.096077
0 0.615666 0.107089 0.051136 0.097511
0 0.640828 0.426867 0.049513 0.111851
0 0.687094 0.249053 0.052760 0.111851
0 0.771916 0.444075 0.060065 0.106115
0 0.810065 0.393168 0.063312 0.087473
0 0.752029 0.716531 0.057630 0.100379
0 0.709416 0.862081 0.061688 0.093209
0 0.570211 0.682116 0.062500 0.083171
0 0.543425 0.538001 0.060877 0.104681
0 0.579951 0.365206 0.059253 0.094643
0 0.424513 0.509321 0.060065 0.116153
0 0.388393 0.672078 0.044643 0.083171
0 0.485390 0.627624 0.060065 0.114719
0 0.429383 0.782495 0.066558 0.106115
0 0.497159 0.865666 0.051136 0.097511