0 0.453734 0.380262 0.066558 0.101813
0 0.385958 0.200298 0.054383 0.108983
0 0.470779 0.112108 0.051948 0.098945
0 0.591721 0.141504 0.037338 0.111851
0 0.567776 0.402489 0.059253 0.108983
0 0.640016 0.527246 0.056006 0.091775
0 0.717127 0.444792 0.047890 0.087473
0 0.744318 0.287771 0.058442 0.094643
0 0.770292 0.152976 0.058442 0.108983
0 0.498782 0.516491 0.043019 0.104681
0 0.394481 0.451245 0.047078 0.108983
0 0.365260 0.572416 0.053571 0.093209
0 0.473620 0.649134 0.052760 0.086039
0 0.486607 0.777476 0.054383 0.087473
0 0.560065 0.831967 0.047078 0.084605
0 0.581981 0.910119 0.051948 0.103247
0 0.439123 0.881439 0.053571 0.091775