0 0.340503 0.294223 0.051136 0.090341
0 0.409497 0.331507 0.052760 0.110417
0 0.470373 0.500000 0.064123 0.117587
0 0.431818 0.613285 0.071429 0.114719
0 0.395698 0.843439 0.065747 0.090341
0 0.449675 0.791098 0.053571 0.108983
0 0.502435 0.681399 0.058442 0.096077
0 0.573052 0.528680 0.068182 0.097511
0 0.502841 0.310714 0.057630 0.103247
0 0.413149 0.112825 0.053571 0.100379
0 0.536120 0.190260 0.047890 0.097511
0 0.618912 0.263393 0.046266 0.108983
0 0.661120 0.107089 0.047890 0.106115
0 0.754870 0.360187 0.063312 0.104681
0 0.785714 0.271997 0.056818 0.088907
0 0.728896 0.553774 0.064935 0.084605
0 0.668019 0.664908 0.055195 0.083171
0 0.487013 0.941667 0.053571 0.103247
0 0.558442 0.943101 0.048701 0.097511