0 0.359578 0.411810 0.040584 0.104681
0 0.414773 0.387432 0.053571 0.116153
0 0.420455 0.136485 0.053571 0.107549
0 0.516640 0.368074 0.062500 0.114719
0 0.538149 0.238298 0.045455 0.116153
0 0.625000 0.297808 0.051948 0.111851
0 0.668019 0.132183 0.053571 0.107549
0 0.765016 0.368791 0.062500 0.101813
0 0.791396 0.285620 0.058442 0.093209
0 0.732955 0.599662 0.058442 0.098945
0 0.678166 0.709361 0.067370 0.077435
0 0.578328 0.554491 0.056006 0.108983
0 0.502435 0.719399 0.068182 0.114719
0 0.472808 0.535850 0.062500 0.120455
0 0.433036 0.648417 0.060877 0.104681
0 0.396104 0.934497 0.063312 0.094643
0 0.449269 0.842722 0.057630 0.100379