0 0.354708 0.393885 0.055195 0.094643
0 0.411526 0.135768 0.058442 0.103247
0 0.547484 0.178071 0.060877 0.090341
0 0.601055 0.056182 0.051136 0.093209
0 0.708198 0.209619 0.057630 0.104681
0 0.646916 0.408942 0.066558 0.110417
0 0.642857 0.498566 0.048701 0.097511
0 0.739448 0.596077 0.053571 0.126190
0 0.766234 0.492830 0.058442 0.100379
0 0.833198 0.748079 0.057630 0.083171
0 0.798701 0.945969 0.061688 0.086039
0 0.715909 0.859930 0.045455 0.091775
0 0.634740 0.715097 0.060065 0.094643
0 0.552760 0.909402 0.068182 0.096077
0 0.464692 0.836986 0.056006 0.111851
0 0.394481 0.626190 0.051948 0.100379
0 0.465097 0.515774 0.058442 0.091775
0 0.517045 0.580303 0.055195 0.083171
0 0.549919 0.530831 0.052760 0.067397
0 0.537338 0.414678 0.094156 0.098945
0 0.588880 0.953626 0.072240 0.092748