0 0.312500 0.358753 0.063312 0.113285
0 0.372971 0.350866 0.052760 0.117587
0 0.370942 0.092032 0.055195 0.116153
0 0.438312 0.282752 0.063312 0.124756
0 0.491477 0.386715 0.049513 0.106115
0 0.566153 0.335809 0.059253 0.107549
0 0.581575 0.058563 0.051136 0.117126
0 0.636364 0.425433 0.063312 0.094643
0 0.713474 0.356602 0.056818 0.088907
0 0.745942 0.217505 0.058442 0.106115
0 0.752435 0.090598 0.051948 0.098945
0 0.742695 0.912270 0.060065 0.107549
0 0.581169 0.852043 0.055195 0.096077
0 0.576705 0.755249 0.059253 0.091775
0 0.501218 0.672795 0.054383 0.093209
0 0.478490 0.565246 0.064123 0.113285
0 0.436282 0.719399 0.047890 0.088907
0 0.537338 0.956494 0.068182 0.087012