0 0.500812 0.245468 0.053571 0.078869
0 0.619318 0.265544 0.051948 0.093209
0 0.742289 0.063352 0.054383 0.093209
0 0.695617 0.322903 0.058442 0.096077
0 0.712662 0.520793 0.056818 0.098945
0 0.790584 0.531548 0.060065 0.088907
0 0.571023 0.438339 0.049513 0.086039
0 0.485795 0.694305 0.065747 0.101813
0 0.427354 0.659172 0.049513 0.100379
0 0.584416 0.664191 0.058442 0.107549
0 0.500000 0.897213 0.061688 0.097511
0 0.612419 0.781061 0.051136 0.080303
0 0.725649 0.653436 0.055195 0.103247
0 0.776380 0.783929 0.060877 0.091775
0 0.888393 0.907251 0.070617 0.094643