0 0.328328 0.282752 0.043019 0.110417
0 0.488231 0.426867 0.056006 0.086039
0 0.593750 0.380979 0.049513 0.103247
0 0.579140 0.194562 0.049513 0.086039
0 0.705357 0.326488 0.048701 0.117587
0 0.811688 0.492113 0.043831 0.087473
0 0.807630 0.730871 0.056818 0.111851
0 0.874594 0.881439 0.057630 0.094643
0 0.710227 0.843439 0.053571 0.093209
0 0.715097 0.627624 0.056818 0.100379
0 0.704545 0.489245 0.061688 0.098945
0 0.635958 0.669927 0.047890 0.081737
0 0.562094 0.680682 0.090097 0.106115
0 0.504058 0.755249 0.063312 0.111851
0 0.478084 0.673512 0.061688 0.103247
0 0.397321 0.520793 0.054383 0.084605
0 0.449675 0.952192 0.048701 0.095616
0 0.758523 0.948607 0.052760 0.102786