0 0.324675 0.239015 0.045455 0.086039
0 0.391640 0.498566 0.043019 0.080303
0 0.478490 0.410376 0.051136 0.098945
0 0.590097 0.376677 0.048701 0.091775
0 0.578328 0.199581 0.039773 0.081737
0 0.702922 0.325054 0.048701 0.106115
0 0.811282 0.489245 0.049513 0.096077
0 0.475649 0.680682 0.061688 0.114719
0 0.504058 0.737324 0.060065 0.110417
0 0.559253 0.651285 0.082792 0.098945
0 0.624594 0.672795 0.047890 0.076001
0 0.706575 0.634077 0.054383 0.093209
0 0.698052 0.492113 0.058442 0.098945
0 0.803571 0.726569 0.061688 0.111851
0 0.870942 0.887175 0.058442 0.091775
0 0.761364 0.952909 0.058442 0.094182
0 0.706169 0.838420 0.058442 0.097511
0 0.429383 0.890043 0.063312 0.114719
0 0.736607 0.044940 0.056006 0.089880