0 0.351461 0.364489 0.048701 0.070265
0 0.500812 0.440490 0.050325 0.078869
0 0.582792 0.190977 0.048701 0.081737
0 0.711851 0.328639 0.050325 0.087473
0 0.737419 0.046374 0.049513 0.092748
0 0.809253 0.509321 0.060065 0.090341
0 0.710227 0.489962 0.061688 0.106115
0 0.596185 0.375960 0.052760 0.096077
0 0.638393 0.684267 0.054383 0.078869
0 0.723620 0.631926 0.049513 0.091775
0 0.812906 0.753815 0.054383 0.108983
0 0.411932 0.616870 0.046266 0.078869
0 0.480114 0.684267 0.060877 0.107549
0 0.563312 0.747362 0.099026 0.116153
0 0.493506 0.811174 0.061688 0.091775
0 0.721997 0.854911 0.056006 0.090341
0 0.881088 0.880005 0.054383 0.097511