0 0.382305 0.517208 0.050325 0.083171
0 0.342127 0.265544 0.044643 0.093209
0 0.395292 0.053314 0.051948 0.098945
0 0.527192 0.107089 0.052760 0.094643
0 0.522727 0.360904 0.073052 0.103247
0 0.452516 0.453396 0.064123 0.087473
0 0.491883 0.493547 0.055195 0.098945
0 0.546672 0.478490 0.056006 0.074567
0 0.627435 0.433320 0.055195 0.096077
0 0.651786 0.362338 0.064935 0.086039
0 0.712662 0.160146 0.051948 0.097511
0 0.761769 0.494981 0.060877 0.104681
0 0.817776 0.672795 0.062500 0.096077
0 0.784091 0.910836 0.060065 0.096077
0 0.699675 0.784646 0.050325 0.098945
0 0.615260 0.682116 0.056818 0.088907
0 0.556412 0.862798 0.072240 0.097511
0 0.573458 0.951475 0.065747 0.097050
0 0.467127 0.766004 0.057630 0.110417
0 0.502841 0.943101 0.054383 0.100379
0 0.716721 0.550189 0.047078 0.106115