0 0.431412 0.209619 0.060877 0.093209
0 0.564935 0.228260 0.053571 0.090341
0 0.610795 0.127881 0.043019 0.101813
0 0.705763 0.244751 0.049513 0.091775
0 0.774351 0.501434 0.061688 0.106115
0 0.834821 0.789665 0.059253 0.100379
0 0.745942 0.642681 0.053571 0.090341
0 0.741071 0.887892 0.043831 0.096077
0 0.655032 0.729437 0.061688 0.100379
0 0.652192 0.547321 0.051136 0.097511
0 0.666802 0.447660 0.054383 0.101813
0 0.542614 0.483509 0.085227 0.116153
0 0.555601 0.565246 0.047890 0.078869
0 0.519481 0.621889 0.060065 0.094643
0 0.470779 0.560944 0.061688 0.087473
0 0.362825 0.509321 0.060065 0.090341
0 0.398133 0.740192 0.056006 0.090341
0 0.436688 0.914421 0.058442 0.117587
0 0.559659 0.927327 0.060877 0.106115
0 0.607549 0.945022 0.060877 0.109956