0 0.519886 0.147240 0.047890 0.086039
0 0.612419 0.254789 0.051136 0.091775
0 0.739854 0.051163 0.057630 0.094643
0 0.713068 0.330073 0.049513 0.101813
0 0.712662 0.508604 0.056818 0.100379
0 0.788961 0.529397 0.060065 0.090341
0 0.569399 0.416829 0.049513 0.080303
0 0.564123 0.572416 0.058442 0.093209
0 0.422078 0.534416 0.053571 0.100379
0 0.482955 0.696456 0.055195 0.103247
0 0.442370 0.888609 0.047078 0.088907
0 0.500000 0.887175 0.063312 0.091775
0 0.637987 0.705060 0.060065 0.088907
0 0.727273 0.644115 0.053571 0.090341
0 0.804383 0.782495 0.051948 0.100379
0 0.892857 0.896496 0.069805 0.093209