0 0.346997 0.327205 0.059253 0.098945
0 0.407873 0.100636 0.057630 0.101813
0 0.536932 0.150108 0.054383 0.086039
0 0.596591 0.041356 0.055195 0.082711
0 0.710633 0.196713 0.046266 0.096077
0 0.767045 0.502868 0.053571 0.103247
0 0.823458 0.715097 0.065747 0.091775
0 0.790990 0.927327 0.060877 0.097511
0 0.707386 0.822646 0.047890 0.106115
0 0.622159 0.697173 0.060877 0.093209
0 0.531250 0.388866 0.090097 0.107549
0 0.456981 0.472037 0.066558 0.096077
0 0.383523 0.573850 0.051136 0.096077
0 0.467532 0.791815 0.056818 0.119021
0 0.553977 0.883590 0.070617 0.107549
0 0.579140 0.947173 0.065747 0.105654
0 0.493101 0.960078 0.057630 0.079843
0 0.502841 0.538001 0.059253 0.098945
0 0.550325 0.505736 0.053571 0.071699
0 0.650162 0.385998 0.060065 0.087473
0 0.719562 0.572416 0.051136 0.101813
0 0.633117 0.456981 0.058442 0.091775