0 0.340503 0.323620 0.044643 0.097511
0 0.491883 0.432603 0.048701 0.083171
0 0.594968 0.383847 0.048701 0.091775
0 0.580763 0.186675 0.043019 0.078869
0 0.709010 0.330790 0.049513 0.094643
0 0.734984 0.044223 0.051136 0.088446
0 0.813312 0.499283 0.056818 0.093209
0 0.809253 0.742343 0.061688 0.114719
0 0.877841 0.882873 0.057630 0.097511
0 0.562500 0.713663 0.090909 0.108983
0 0.403815 0.568114 0.049513 0.096077
0 0.478896 0.677097 0.060065 0.110417
0 0.497565 0.788948 0.055195 0.104681
0 0.703734 0.491396 0.061688 0.108983
0 0.717938 0.627624 0.059253 0.086039
0 0.637581 0.681399 0.052760 0.078869
0 0.716721 0.852043 0.053571 0.096077
0 0.753653 0.959361 0.062500 0.081277