0 0.345373 0.281318 0.049513 0.096077
0 0.397321 0.273431 0.051136 0.080303
0 0.462662 0.317884 0.061688 0.103247
0 0.510552 0.271280 0.056818 0.078869
0 0.463880 0.093466 0.070617 0.098945
0 0.580357 0.216788 0.055195 0.090341
0 0.635552 0.215354 0.058442 0.096077
0 0.701705 0.365923 0.059253 0.104681
0 0.765016 0.476339 0.064123 0.098945
0 0.810471 0.506453 0.062500 0.087473
0 0.776380 0.787514 0.067370 0.096077
0 0.652192 0.573133 0.046266 0.097511
0 0.594156 0.491396 0.051948 0.103247
0 0.546672 0.683550 0.060877 0.114719
0 0.572646 0.806872 0.067370 0.094643
0 0.491477 0.747362 0.065747 0.116153
0 0.439123 0.627624 0.050325 0.097511
0 0.396104 0.783212 0.058442 0.081737
0 0.412338 0.883590 0.047078 0.113285