0 0.397321 0.283469 0.046266 0.123323
0 0.438312 0.309280 0.050325 0.086039
0 0.507305 0.347281 0.047078 0.119021
0 0.546266 0.147240 0.063312 0.097511
0 0.608766 0.180939 0.045455 0.096077
0 0.661120 0.151542 0.041396 0.097511
0 0.697646 0.046374 0.057630 0.092748
0 0.828328 0.651285 0.052760 0.101813
0 0.585633 0.529397 0.043019 0.101813
0 0.609984 0.586039 0.049513 0.091775
0 0.552354 0.717965 0.062500 0.083171
0 0.429383 0.662757 0.061688 0.096077
0 0.477273 0.949324 0.056818 0.101352
0 0.383929 0.603247 0.060065 0.097511
0 0.288555 0.079843 0.059253 0.117587