0 0.269481 0.175203 0.063312 0.093209
0 0.338474 0.213920 0.051948 0.110417
0 0.428977 0.190260 0.060877 0.117587
0 0.481331 0.258374 0.053571 0.101813
0 0.562500 0.274148 0.064935 0.098945
0 0.632711 0.341545 0.059253 0.098945
0 0.705357 0.287771 0.060065 0.100379
0 0.732143 0.173052 0.056818 0.097511
0 0.750406 0.057616 0.052760 0.096077
0 0.762987 0.831967 0.063312 0.090341
0 0.600244 0.784646 0.049513 0.084605
0 0.591315 0.688569 0.047890 0.084605
0 0.471185 0.502868 0.064123 0.100379
0 0.501623 0.565246 0.048701 0.098945
0 0.422078 0.561661 0.053571 0.086039
0 0.545860 0.868534 0.060877 0.117587
0 0.389610 0.956494 0.068182 0.087012