0 0.357143 0.056182 0.045455 0.090341
0 0.404627 0.117127 0.056006 0.071699
0 0.476867 0.098485 0.038149 0.100379
0 0.348620 0.265544 0.041396 0.078869
0 0.448458 0.396753 0.056006 0.086039
0 0.542208 0.512906 0.050325 0.065963
0 0.574269 0.346564 0.054383 0.080303
0 0.624594 0.347281 0.056006 0.090341
0 0.907468 0.781778 0.055195 0.090341
0 0.586851 0.843439 0.058442 0.087473
0 0.483360 0.724418 0.054383 0.087473
0 0.517857 0.919440 0.047078 0.093209
0 0.428977 0.831967 0.057630 0.078869
0 0.360390 0.695022 0.045455 0.083171