0 0.046875 0.926562 0.093750 0.100000
0 0.980114 0.203906 0.039772 0.073438
0 0.269886 0.975781 0.136364 0.048438
0 0.109375 0.196875 0.144886 0.062500
0 0.971591 0.474219 0.056818 0.082812
0 0.575284 0.303125 0.133523 0.062500
0 0.747159 0.326562 0.125000 0.059375
0 0.612216 0.447656 0.133523 0.070313
0 0.879261 0.351562 0.127841 0.068750
0 0.218750 0.389062 0.136364 0.065625
0 0.383523 0.231250 0.130682 0.062500
0 0.946023 0.610937 0.107954 0.081250
0 0.630682 0.213281 0.119318 0.060937
0 0.748580 0.652344 0.133523 0.073438
0 0.802557 0.123438 0.110795 0.056250
0 0.201705 0.640625 0.153409 0.075000
0 0.617898 0.535156 0.133523 0.076563
0 0.468750 0.406250 0.147727 0.065625
0 0.093750 0.512500 0.153409 0.068750
0 0.127841 0.581250 0.159091 0.068750
0 0.228693 0.694531 0.139205 0.079687