0 0.071023 0.903125 0.142045 0.075000
0 0.126420 0.311719 0.127841 0.064062
0 0.384943 0.242188 0.133523 0.062500
0 0.592330 0.246875 0.122159 0.059375
0 0.203125 0.521875 0.139205 0.078125
0 0.450284 0.440625 0.127841 0.065625
0 0.659091 0.329688 0.119318 0.062500
0 0.663352 0.425781 0.122159 0.073438
0 0.843750 0.584375 0.125000 0.075000
0 0.573864 0.675000 0.130682 0.087500
0 0.531250 0.530469 0.142045 0.082812
0 0.906250 0.510156 0.130682 0.070313
0 0.136364 0.641406 0.153409 0.073438
0 0.424884 0.829449 0.142527 0.086864