0 0.534091 0.335938 0.142045 0.062500
0 0.975852 0.584375 0.048295 0.078125
0 0.315341 0.321875 0.125000 0.059375
0 0.029829 0.842188 0.059658 0.096875
0 0.038352 0.315625 0.076704 0.068750
0 0.609375 0.464063 0.161932 0.068750
0 0.170455 0.367969 0.142045 0.057813
0 0.532670 0.376563 0.139205 0.062500
0 0.802557 0.213281 0.110795 0.054688
0 0.713068 0.661719 0.164773 0.073438
0 0.941761 0.227344 0.110795 0.064062
0 0.573864 0.532031 0.142045 0.073438
0 0.170455 0.575000 0.170455 0.065625
0 0.225852 0.258594 0.116477 0.057813
0 0.231534 0.402344 0.150568 0.067187
0 0.904830 0.535937 0.127841 0.071875
0 0.490057 0.247656 0.133523 0.060937
0 0.946023 0.425000 0.107954 0.071875
0 0.569602 0.602344 0.144886 0.079687
0 0.660511 0.267969 0.122159 0.060937
0 0.873580 0.316406 0.116477 0.057813
0 0.238636 0.512500 0.147727 0.068750
0 0.137784 0.635938 0.150568 0.078125
0 0.758523 0.388281 0.130682 0.064062
0 0.312500 0.719531 0.142045 0.076563