0 0.068182 0.239844 0.125000 0.070313
0 0.024148 0.745313 0.048295 0.084375
0 0.113636 0.475000 0.136364 0.062500
0 0.264205 0.225781 0.102273 0.057813
0 0.975852 0.252344 0.048295 0.064062
0 0.073864 0.848437 0.147727 0.081250
0 0.176136 0.944531 0.170455 0.092188
0 0.970170 0.317969 0.059659 0.060937
0 0.502841 0.286719 0.119318 0.057813
0 0.389205 0.332031 0.130682 0.064062
0 0.693182 0.317187 0.130682 0.059375
0 0.924716 0.146875 0.099432 0.053125
0 0.808239 0.238281 0.110795 0.057813
0 0.872159 0.548437 0.130682 0.078125
0 0.688920 0.409375 0.122159 0.068750
0 0.934659 0.669531 0.130682 0.082812
0 0.616477 0.221094 0.113636 0.054688
0 0.467330 0.370313 0.144886 0.068750
0 0.352273 0.239844 0.142045 0.060937
0 0.526989 0.559375 0.133523 0.078125
0 0.210227 0.613281 0.147727 0.082812
0 0.443182 0.473437 0.164773 0.075000
0 0.089489 0.684375 0.173295 0.078125
0 0.580966 0.654688 0.133523 0.078125
0 0.073864 0.560938 0.147727 0.078125
0 0.335227 0.691406 0.153409 0.085938
0 0.784091 0.478906 0.136364 0.067187