0 0.977273 0.122656 0.045454 0.076563
0 0.106534 0.427344 0.127841 0.064062
0 0.036932 0.656250 0.073864 0.075000
0 0.316761 0.222656 0.133523 0.064062
0 0.497159 0.317187 0.142045 0.062500
0 0.782670 0.605469 0.133523 0.079687
0 0.731534 0.383594 0.144886 0.070313
0 0.643466 0.339063 0.139205 0.065625
0 0.901989 0.241406 0.122159 0.067187
0 0.863636 0.484375 0.130682 0.078125
0 0.579545 0.653906 0.136364 0.079687
0 0.458807 0.478906 0.144886 0.070313
0 0.318182 0.433594 0.147727 0.070313
0 0.426136 0.546094 0.125000 0.073438
0 0.120739 0.803125 0.139205 0.084375
0 0.566761 0.231250 0.127841 0.062500
0 0.754261 0.164062 0.122159 0.059375
0 0.132102 0.735937 0.144886 0.075000