0 0.691761 0.325000 0.105114 0.056250
0 0.228693 0.964063 0.178977 0.068750
0 0.186080 0.450781 0.139205 0.067187
0 0.960227 0.622656 0.079546 0.085938
0 0.072443 0.895312 0.144886 0.100000
0 0.947443 0.189063 0.099432 0.056250
0 0.623580 0.362500 0.122159 0.062500
0 0.565341 0.559375 0.142045 0.071875
0 0.563920 0.412500 0.127841 0.068750
0 0.214489 0.347656 0.144886 0.079687
0 0.259943 0.246094 0.122159 0.060937
0 0.715909 0.260938 0.113636 0.059375
0 0.178977 0.634375 0.159091 0.071875
0 0.669034 0.653906 0.133523 0.085938
0 0.896307 0.409375 0.116477 0.062500
0 0.457386 0.481250 0.147727 0.068750
0 0.406250 0.296094 0.142045 0.064062
0 0.201705 0.686719 0.147727 0.076563
0 0.103693 0.545313 0.144886 0.071875
0 0.789773 0.504687 0.125000 0.071875
1 0.698382 0.778602 0.157935 0.078390