0 0.197443 0.854688 0.144886 0.103125
0 0.680398 0.273438 0.116477 0.062500
0 0.818182 0.331250 0.113636 0.062500
0 0.944602 0.646875 0.110795 0.087500
0 0.502841 0.244531 0.125000 0.067187
0 0.372159 0.358594 0.125000 0.067187
0 0.515625 0.474219 0.127841 0.064062
0 0.819602 0.507812 0.133523 0.075000
0 0.411932 0.578125 0.130682 0.075000
0 0.913352 0.407813 0.122159 0.071875
0 0.690341 0.384375 0.130682 0.065625
0 0.116477 0.569531 0.125000 0.064062
0 0.274148 0.710938 0.133523 0.075000
0 0.417180 0.793432 0.150231 0.099576
0 0.342065 0.902542 0.169492 0.093220