0 0.428977 0.557813 0.147727 0.065625
0 0.953125 0.625000 0.093750 0.087500
0 0.821023 0.448438 0.142045 0.068750
0 0.063921 0.715625 0.127841 0.071875
0 0.963068 0.323438 0.073864 0.065625
0 0.103693 0.218750 0.139205 0.059375
0 0.176136 0.293750 0.113636 0.056250
0 0.188920 0.549219 0.150568 0.064062
0 0.303977 0.384375 0.147727 0.065625
0 0.481534 0.300781 0.133523 0.064062
0 0.588068 0.260156 0.113636 0.064062
0 0.291193 0.332031 0.139205 0.057813
0 0.505682 0.503125 0.159091 0.075000
0 0.863636 0.243750 0.125000 0.065625
0 0.629261 0.333594 0.122159 0.064062
0 0.240057 0.688281 0.167614 0.079687
0 0.434659 0.630469 0.142045 0.073438
0 0.566761 0.396875 0.127841 0.062500
0 0.740057 0.555469 0.139205 0.079687
0 0.242898 0.459375 0.156250 0.071875
0 0.565341 0.697656 0.136364 0.089063
0 0.107955 0.627344 0.159091 0.076563
0 0.083807 0.839063 0.167614 0.090625