1 0.458807 0.653906 0.133523 0.082812
0 0.109375 0.672656 0.161932 0.073438
0 0.090909 0.792188 0.147727 0.090625
1 0.653409 0.585156 0.147727 0.076563
0 0.251420 0.375000 0.150568 0.071875
0 0.673295 0.508594 0.142045 0.076563
0 0.838068 0.264062 0.147727 0.075000
0 0.944602 0.300781 0.110795 0.067187
0 0.600852 0.382812 0.139205 0.075000
0 0.204545 0.310937 0.142045 0.068750
0 0.090909 0.613281 0.153409 0.064062
0 0.568182 0.238281 0.147727 0.073438
0 0.485795 0.216406 0.125000 0.064062
0 0.848011 0.387500 0.144886 0.081250
0 0.299716 0.487500 0.161932 0.081250
1 0.793547 0.771219 0.118971 0.069701