0 0.573864 0.371094 0.136364 0.054688
0 0.389205 0.215625 0.136364 0.065625
0 0.965909 0.157031 0.068182 0.048438
0 0.792614 0.267969 0.107955 0.051562
0 0.546875 0.496875 0.167614 0.075000
0 0.188920 0.743750 0.139205 0.081250
0 0.857955 0.414844 0.136364 0.067187
0 0.173295 0.184375 0.119318 0.050000
0 0.875000 0.590625 0.125000 0.068750
0 0.278409 0.646875 0.170455 0.078125
0 0.140625 0.449219 0.150568 0.070313
0 0.453125 0.289062 0.133523 0.065625
0 0.285511 0.360938 0.139205 0.062500
0 0.471591 0.407031 0.164773 0.076563
0 0.642045 0.242969 0.119318 0.054688
0 0.571023 0.724219 0.153409 0.089063
0 0.700284 0.436719 0.144886 0.070313
0 0.142045 0.278125 0.142045 0.065625
0 0.906250 0.731250 0.136364 0.087500
0 0.115057 0.532812 0.161932 0.065625
0 0.872159 0.315625 0.130682 0.059375
0 0.883523 0.219531 0.107955 0.051562
0 0.926136 0.461719 0.136364 0.073438
0 0.555398 0.571094 0.150568 0.079687
0 0.588068 0.316406 0.136364 0.064062
0 0.284091 0.530469 0.159091 0.079687