0 0.024148 0.811719 0.048295 0.082812
0 0.032670 0.665625 0.065340 0.087500
0 0.975852 0.400000 0.048295 0.078125
0 0.380682 0.412500 0.136364 0.062500
0 0.322443 0.240625 0.133523 0.062500
0 0.619318 0.226562 0.119318 0.053125
0 0.931818 0.289062 0.113636 0.059375
0 0.600852 0.276563 0.122159 0.056250
0 0.774148 0.365625 0.122159 0.062500
0 0.750000 0.561719 0.119318 0.076563
0 0.812500 0.167969 0.113636 0.057813
0 0.242898 0.614062 0.133523 0.068750
0 0.553977 0.478906 0.125000 0.070313
0 0.267045 0.683594 0.142045 0.076563
0 0.168182 0.944375 0.163636 0.098750