0 0.396307 0.278125 0.105114 0.046875
0 0.863636 0.154687 0.119318 0.056250
0 0.457386 0.503125 0.159091 0.068750
0 0.579545 0.402344 0.142045 0.070313
0 0.903409 0.395312 0.125000 0.059375
0 0.201705 0.328906 0.142045 0.064062
0 0.052557 0.801562 0.105114 0.087500
0 0.495739 0.289844 0.122159 0.060937
0 0.758523 0.630469 0.125000 0.079687
0 0.734375 0.293750 0.144886 0.075000
0 0.194602 0.398438 0.144886 0.065625
0 0.723011 0.514063 0.150568 0.075000
0 0.271307 0.492188 0.161932 0.084375
0 0.498580 0.565625 0.150568 0.078125
0 0.535511 0.332812 0.133523 0.062500
0 0.413352 0.706250 0.139205 0.087500
0 0.892045 0.440625 0.136364 0.075000
0 0.109375 0.689062 0.178977 0.081250
0 0.144886 0.587500 0.170455 0.078125
0 0.099384 0.277542 0.130971 0.067797