1 0.495739 0.696094 0.116477 0.073438
0 0.119318 0.918750 0.164773 0.090625
1 0.661932 0.714844 0.142045 0.098437
0 0.061080 0.541406 0.116477 0.073438
0 0.051136 0.350000 0.102272 0.078125
0 0.251420 0.256250 0.127841 0.062500
0 0.056818 0.435156 0.113636 0.073438
0 0.373580 0.281250 0.139205 0.059375
0 0.906250 0.246094 0.119318 0.064062
0 0.639205 0.280469 0.136364 0.076563
1 0.161932 0.676562 0.159091 0.081250
0 0.419034 0.503125 0.144886 0.075000
0 0.420455 0.388281 0.164773 0.076563
0 0.808239 0.321094 0.133523 0.067187
0 0.811080 0.515625 0.139205 0.071875
0 0.690341 0.408594 0.142045 0.076563