0 0.941761 0.096875 0.093750 0.056250
0 0.205966 0.975000 0.133523 0.050000
0 0.955966 0.667188 0.082386 0.084375
0 0.698864 0.168750 0.107955 0.059375
0 0.802557 0.429688 0.127841 0.068750
0 0.852273 0.550000 0.130682 0.081250
0 0.893466 0.277344 0.116477 0.060937
0 0.393466 0.367969 0.122159 0.060937
0 0.231534 0.204688 0.116477 0.059375
0 0.705966 0.275781 0.122159 0.057813
0 0.201705 0.457031 0.142045 0.064062
0 0.455966 0.245312 0.139205 0.068750
0 0.406250 0.551562 0.125000 0.075000
0 0.132102 0.355469 0.150568 0.064062
0 0.678977 0.390625 0.136364 0.065625
0 0.441761 0.638281 0.116477 0.079687
0 0.329545 0.483594 0.142045 0.070313
0 0.103693 0.810156 0.161932 0.079687