0 0.338068 0.732031 0.142045 0.085938
0 0.816761 0.192969 0.105114 0.051562
0 0.660511 0.514063 0.127841 0.071875
0 0.046875 0.367188 0.093750 0.071875
0 0.184659 0.405469 0.164773 0.070313
0 0.356534 0.349219 0.150568 0.073438
0 0.759943 0.552344 0.122159 0.079687
0 0.289773 0.468750 0.159091 0.075000
0 0.840909 0.445312 0.130682 0.071875
0 0.522727 0.656250 0.159091 0.087500
0 0.556818 0.239844 0.130682 0.067187
0 0.323864 0.246875 0.142045 0.068750
0 0.688920 0.307813 0.133523 0.071875
0 0.627841 0.367188 0.136364 0.065625
0 0.250000 0.549219 0.176136 0.073438
0 0.197443 0.960938 0.161932 0.078124
0 0.068182 0.717969 0.136364 0.082812