0 0.173295 0.751562 0.153409 0.081250
0 0.025568 0.778906 0.051136 0.092188
0 0.240057 0.212500 0.150568 0.071875
0 0.968750 0.264062 0.062500 0.068750
0 0.460227 0.167969 0.125000 0.057813
0 0.954545 0.360938 0.090909 0.068750
0 0.588068 0.302344 0.142045 0.067187
0 0.669034 0.674219 0.133523 0.079687
0 0.271307 0.320312 0.139205 0.068750
0 0.852273 0.147656 0.113636 0.064062
0 0.741477 0.252344 0.113636 0.054688
0 0.903409 0.603125 0.125000 0.078125
0 0.639205 0.425000 0.153409 0.078125
0 0.139205 0.599219 0.159091 0.079687
0 0.355114 0.604688 0.142045 0.075000
0 0.737216 0.332031 0.139205 0.067187
0 0.802557 0.527344 0.139205 0.082812
0 0.484375 0.561719 0.144886 0.076563
0 0.326705 0.506250 0.164773 0.071875
0 0.387784 0.417188 0.133523 0.065625
0 0.157670 0.870313 0.150568 0.075000
0 0.528409 0.216406 0.142045 0.073438
0 0.064773 0.166875 0.129545 0.083750