0 0.194602 0.265625 0.127841 0.062500
0 0.365057 0.651563 0.116477 0.065625
0 0.919034 0.100781 0.099432 0.048438
0 0.963068 0.601562 0.073864 0.081250
0 0.825284 0.467969 0.133523 0.067187
0 0.960227 0.514844 0.079546 0.070313
0 0.903409 0.346875 0.142045 0.068750
0 0.598011 0.548437 0.122159 0.071875
0 0.214489 0.548437 0.127841 0.071875
0 0.642045 0.308594 0.125000 0.070313
0 0.539773 0.407813 0.142045 0.071875
0 0.471591 0.255469 0.119318 0.057813
0 0.724432 0.213281 0.107955 0.057813
0 0.103693 0.826563 0.144886 0.075000
0 0.055398 0.703906 0.110795 0.076563