0 0.475852 0.238281 0.139205 0.073438
0 0.904830 0.439063 0.133523 0.068750
0 0.598011 0.430469 0.161932 0.070313
0 0.052557 0.432031 0.105114 0.070313
0 0.708807 0.381250 0.139205 0.059375
0 0.271307 0.185937 0.110795 0.050000
0 0.728693 0.322656 0.133523 0.060937
0 0.603693 0.285156 0.133523 0.070313
0 0.767045 0.200000 0.119318 0.062500
0 0.732955 0.572656 0.142045 0.082812
0 0.272727 0.274219 0.142045 0.067187
0 0.372159 0.353125 0.147727 0.065625
0 0.938920 0.274219 0.116477 0.057813
0 0.757102 0.729688 0.144886 0.090625
0 0.744318 0.498437 0.136364 0.078125
0 0.299716 0.409375 0.144886 0.065625
0 0.075284 0.341406 0.150568 0.067187
0 0.544034 0.634375 0.133523 0.081250
0 0.122159 0.603906 0.176136 0.079687
0 0.490057 0.542969 0.167614 0.082812
0 0.276989 0.735156 0.139205 0.085938
0 0.245739 0.506250 0.156250 0.075000
0 0.082386 0.720312 0.164772 0.081250