0 0.136364 0.295312 0.113636 0.056250
0 0.049716 0.403125 0.099432 0.068750
0 0.963068 0.435937 0.073864 0.071875
0 0.926136 0.134375 0.113636 0.059375
0 0.887784 0.617188 0.139205 0.081250
0 0.686080 0.405469 0.139205 0.073438
0 0.528409 0.681250 0.130682 0.084375
0 0.596591 0.561719 0.147727 0.079687
0 0.102273 0.455469 0.170455 0.073438
0 0.843750 0.288281 0.130682 0.067187
0 0.390625 0.465625 0.161932 0.078125
0 0.833807 0.518750 0.150568 0.075000
0 0.603693 0.319531 0.150568 0.067187
0 0.193182 0.621094 0.164773 0.070313
0 0.322443 0.390625 0.139205 0.062500
0 0.242898 0.545313 0.167614 0.075000
0 0.296875 0.322656 0.133523 0.060937
0 0.534091 0.257812 0.125000 0.059375
0 0.551136 0.482031 0.153409 0.073438
0 0.106534 0.719531 0.178977 0.082812