0 0.251420 0.348437 0.139205 0.053125
0 0.261364 0.288281 0.119318 0.045312
0 0.903409 0.227344 0.119318 0.054688
0 0.946023 0.407813 0.107954 0.059375
0 0.181818 0.583594 0.153409 0.064062
0 0.943182 0.457812 0.113636 0.078125
0 0.815341 0.328906 0.130682 0.070313
0 0.626420 0.370313 0.133523 0.065625
0 0.657670 0.439844 0.144886 0.076563
0 0.231534 0.471875 0.150568 0.071875
0 0.582386 0.550781 0.125000 0.082812
0 0.663352 0.207031 0.122159 0.060937
0 0.744318 0.701563 0.130682 0.090625
0 0.478693 0.302344 0.133523 0.067187
0 0.370739 0.481250 0.161932 0.078125
0 0.267045 0.393750 0.147727 0.065625
0 0.109375 0.631250 0.150568 0.071875
0 0.329545 0.637500 0.147727 0.071875
0 0.163352 0.785156 0.173295 0.095312