0 0.805398 0.388281 0.110795 0.051562
0 0.973011 0.275000 0.053977 0.062500
0 0.329545 0.196875 0.107955 0.056250
0 0.045455 0.290625 0.090909 0.062500
0 0.957386 0.432813 0.079546 0.068750
0 0.061080 0.501562 0.122159 0.071875
0 0.684659 0.628125 0.136364 0.081250
0 0.580966 0.550781 0.150568 0.076563
0 0.661932 0.432031 0.159091 0.076563
0 0.451705 0.353125 0.147727 0.062500
0 0.696023 0.277344 0.119318 0.064062
0 0.112216 0.416406 0.144886 0.067187
0 0.850852 0.185156 0.105114 0.060937
0 0.860795 0.563281 0.130682 0.073438
0 0.355114 0.721875 0.147727 0.078125
0 0.390625 0.402344 0.127841 0.057813
0 0.149148 0.332812 0.139205 0.059375
0 0.802557 0.325781 0.122159 0.064062
0 0.863636 0.692969 0.136364 0.082812
0 0.340909 0.296875 0.142045 0.068750
0 0.836648 0.503125 0.139205 0.075000
0 0.184659 0.643750 0.147727 0.075000
0 0.237216 0.559375 0.150568 0.068750
0 0.509943 0.235938 0.144886 0.071875
0 0.308239 0.489844 0.167614 0.076563
0 0.062500 0.755469 0.119318 0.079687