0 0.765625 0.990625 0.133523 0.018750
0 0.100852 0.377344 0.127841 0.051562
0 0.038352 0.700000 0.076704 0.071875
0 0.968750 0.351562 0.062500 0.062500
0 0.417614 0.351562 0.136364 0.056250
0 0.737216 0.544531 0.139205 0.067187
0 0.127841 0.258594 0.113636 0.060937
0 0.407670 0.596875 0.156250 0.075000
0 0.688920 0.240625 0.110795 0.053125
0 0.210227 0.342969 0.136364 0.057813
0 0.413352 0.395312 0.150568 0.065625
0 0.116477 0.423438 0.142045 0.068750
0 0.859375 0.603125 0.133523 0.087500
0 0.600852 0.661719 0.133523 0.079687
0 0.565341 0.277344 0.130682 0.064062
0 0.492898 0.464063 0.156250 0.075000
0 0.855114 0.443750 0.130682 0.068750
0 0.650568 0.407813 0.136364 0.068750
0 0.063921 0.633594 0.127841 0.070313
0 0.401989 0.269531 0.139205 0.060937
0 0.421875 0.532812 0.156250 0.065625
0 0.186080 0.966406 0.173295 0.067187
0 0.068182 0.553906 0.136364 0.070313
0 0.754261 0.335938 0.116477 0.065625
0 0.867898 0.260938 0.127841 0.065625
0 0.200284 0.725781 0.150568 0.076563