0 0.035511 0.989062 0.071022 0.021875
0 0.568182 0.267188 0.130682 0.075000
0 0.153409 0.371094 0.136364 0.070313
0 0.615057 0.570312 0.133523 0.078125
0 0.099432 0.750781 0.176136 0.085938
0 0.272727 0.673437 0.136364 0.075000
0 0.921875 0.322656 0.144886 0.076563
0 0.741477 0.388281 0.136364 0.073438
0 0.839489 0.424219 0.122159 0.073438
0 0.473011 0.485938 0.139205 0.084375
0 0.066761 0.619531 0.133522 0.076563
0 0.436080 0.361719 0.144886 0.073438
0 0.142045 0.867188 0.164773 0.078125
0 0.120739 0.507031 0.173295 0.070313