0 0.286932 0.298438 0.142045 0.062500
0 0.306818 0.332812 0.159091 0.053125
0 0.315341 0.371875 0.159091 0.065625
0 0.673295 0.378125 0.136364 0.059375
0 0.715909 0.434375 0.142045 0.075000
0 0.946023 0.221875 0.107954 0.056250
0 0.654830 0.557813 0.133523 0.081250
0 0.419034 0.483594 0.156250 0.070313
0 0.873580 0.336719 0.133523 0.073438
0 0.289773 0.459375 0.147727 0.068750
0 0.693182 0.196094 0.119318 0.057813
0 0.245739 0.567969 0.173295 0.064062
0 0.200284 0.616406 0.167614 0.079687
0 0.794034 0.707031 0.139205 0.095312
0 0.529830 0.301562 0.133523 0.068750
0 0.217330 0.760938 0.156250 0.084375
0 0.387784 0.629687 0.150568 0.084375