0 0.014205 0.787500 0.028409 0.075000
0 0.105114 0.263281 0.119318 0.064062
0 0.069602 0.586719 0.116477 0.060937
0 0.634943 0.474219 0.144886 0.067187
0 0.251420 0.704687 0.110795 0.065625
0 0.772727 0.353125 0.125000 0.059375
0 0.859375 0.126563 0.110795 0.053125
0 0.384943 0.280469 0.122159 0.057813
0 0.813920 0.528906 0.116477 0.064062
0 0.647727 0.307813 0.125000 0.068750
0 0.690341 0.238281 0.107955 0.054688
0 0.122159 0.918750 0.159091 0.075000
0 0.822443 0.594531 0.127841 0.079687
0 0.414773 0.411719 0.136364 0.073438
0 0.434659 0.568750 0.130682 0.071875