0 0.132102 0.771094 0.139205 0.079687
0 0.062500 0.194531 0.113636 0.060937
0 0.028409 0.527344 0.056818 0.079687
0 0.632102 0.650781 0.133523 0.070313
0 0.147727 0.407813 0.130682 0.065625
0 0.680398 0.328906 0.133523 0.064062
0 0.593750 0.223438 0.119318 0.062500
0 0.348011 0.223438 0.139205 0.065625
0 0.776989 0.371875 0.133523 0.065625
0 0.507102 0.308594 0.156250 0.064062
0 0.838068 0.600781 0.125000 0.076563
0 0.903409 0.484375 0.125000 0.078125
0 0.375000 0.424219 0.147727 0.067187
0 0.947443 0.231250 0.105114 0.062500
0 0.501420 0.465625 0.144886 0.065625
0 0.761364 0.148438 0.125000 0.059375
0 0.160511 0.707031 0.150568 0.067187
0 0.062500 0.628125 0.125000 0.071875
0 0.495739 0.544531 0.133523 0.073438