0 0.664773 0.203125 0.113636 0.053125
0 0.278409 0.569531 0.153409 0.060937
0 0.180398 0.746094 0.156250 0.070313
0 0.379261 0.542188 0.161932 0.075000
0 0.957386 0.455469 0.085227 0.067187
0 0.843750 0.224219 0.136364 0.060937
0 0.421875 0.285156 0.127841 0.067187
0 0.254261 0.691406 0.161932 0.082812
0 0.177557 0.380469 0.144886 0.070313
0 0.805398 0.371094 0.127841 0.070313
0 0.473011 0.573438 0.127841 0.081250
0 0.059659 0.455469 0.119318 0.070313
1 0.927557 0.707812 0.133523 0.068750
0 0.366477 0.425781 0.153409 0.073438
0 0.623580 0.464844 0.139205 0.073438
0 0.519886 0.322656 0.136364 0.067187