0 0.208807 0.293750 0.110795 0.056250
0 0.232955 0.540625 0.170455 0.065625
0 0.970170 0.318750 0.059659 0.068750
0 0.548295 0.496875 0.159091 0.071875
0 0.514205 0.300000 0.125000 0.065625
0 0.346591 0.380469 0.142045 0.060937
0 0.127841 0.222656 0.147727 0.060937
0 0.321023 0.336719 0.130682 0.054688
0 0.609375 0.396875 0.122159 0.062500
0 0.909091 0.232812 0.119318 0.062500
0 0.164773 0.610156 0.170455 0.076563
0 0.661932 0.337500 0.130682 0.065625
0 0.477273 0.548437 0.147727 0.071875
0 0.639205 0.689062 0.107955 0.081250
0 0.794034 0.560938 0.127841 0.078125
0 0.853693 0.445312 0.139205 0.068750
0 0.090909 0.829687 0.176136 0.093750
0 0.312500 0.682813 0.147727 0.084375
0 0.296875 0.451562 0.156250 0.071875
0 0.501420 0.637500 0.133523 0.075000
0 0.102273 0.696875 0.164773 0.075000