0 0.981534 0.415625 0.036932 0.075000
0 0.218750 0.972656 0.130682 0.051562
0 0.630682 0.400000 0.130682 0.065625
0 0.907670 0.097656 0.105114 0.051562
0 0.169034 0.468750 0.150568 0.065625
0 0.205966 0.199219 0.133523 0.064062
0 0.690341 0.181250 0.113636 0.062500
0 0.376420 0.643750 0.110795 0.081250
0 0.681818 0.282031 0.119318 0.060937
0 0.086648 0.366406 0.150568 0.067187
0 0.801136 0.549219 0.125000 0.079687
0 0.853693 0.289844 0.116477 0.060937
0 0.920455 0.663281 0.136364 0.079687
0 0.348011 0.375781 0.127841 0.064062
0 0.750000 0.435156 0.130682 0.070313
0 0.342330 0.560156 0.127841 0.076563
0 0.433239 0.238281 0.133523 0.070313
0 0.286932 0.503906 0.136364 0.070313
0 0.107955 0.835938 0.170455 0.081250