0 0.717330 0.987500 0.173295 0.025000
0 0.132102 0.855469 0.122159 0.070313
0 0.974432 0.478906 0.051136 0.073438
0 0.110795 0.494531 0.147727 0.073438
0 0.147727 0.585156 0.147727 0.079687
0 0.443182 0.398438 0.198864 0.096875
0 0.592330 0.282031 0.116477 0.064062
0 0.419034 0.235938 0.133523 0.056250
0 0.120739 0.279687 0.139205 0.078125
0 0.407670 0.564844 0.122159 0.067187
0 0.933239 0.535156 0.122159 0.079687
0 0.943182 0.339063 0.113636 0.062500
0 0.071023 0.714063 0.136364 0.078125
0 0.698864 0.460938 0.130682 0.075000
0 0.903409 0.142969 0.107955 0.051562
0 0.671875 0.207031 0.122159 0.060937
0 0.421875 0.633594 0.127841 0.076563