0 0.410511 0.308594 0.116477 0.051562
0 0.217330 0.794531 0.150568 0.079687
0 0.465909 0.346875 0.159091 0.062500
0 0.775568 0.228125 0.113636 0.056250
0 0.267045 0.396094 0.136364 0.067187
0 0.487216 0.276563 0.116477 0.065625
0 0.457386 0.571094 0.159091 0.067187
0 0.879261 0.384375 0.127841 0.056250
0 0.599432 0.372656 0.130682 0.060937
0 0.610795 0.442187 0.142045 0.075000
0 0.785511 0.584375 0.133523 0.075000
0 0.443182 0.518750 0.159091 0.065625
0 0.893466 0.331250 0.133523 0.065625
0 0.248580 0.231250 0.144886 0.062500
0 0.461648 0.626562 0.133523 0.065625
0 0.857955 0.638281 0.113636 0.076563
0 0.724432 0.311719 0.119318 0.064062
0 0.801136 0.510156 0.130682 0.073438
0 0.166193 0.491406 0.161932 0.076563
0 0.136364 0.668750 0.153409 0.068750
0 0.634943 0.685938 0.133523 0.081250
0 0.151989 0.592188 0.161932 0.075000
1 0.220724 0.710805 0.188752 0.091102