0 0.031250 0.240625 0.062500 0.062500
0 0.720170 0.314063 0.127841 0.053125
0 0.242898 0.354688 0.139205 0.059375
0 0.842330 0.521094 0.139205 0.070313
0 0.704545 0.223438 0.113636 0.053125
0 0.193182 0.692969 0.147727 0.085938
0 0.078125 0.414062 0.150568 0.065625
0 0.704545 0.353125 0.136364 0.062500
0 0.488636 0.595312 0.142045 0.078125
0 0.940341 0.135156 0.107955 0.054688
0 0.387784 0.246875 0.127841 0.059375
0 0.167614 0.310156 0.142045 0.060937
0 0.778409 0.439063 0.147727 0.071875
0 0.112216 0.464844 0.156250 0.067187
0 0.514205 0.278125 0.136364 0.068750
0 0.872159 0.585938 0.136364 0.068750
0 0.857955 0.215625 0.113636 0.062500
0 0.579545 0.709375 0.136364 0.078125
0 0.129261 0.518750 0.167614 0.068750
0 0.173295 0.584375 0.176136 0.078125
0 0.481534 0.517969 0.161932 0.073438
0 0.413352 0.361719 0.139205 0.067187
0 0.477273 0.428906 0.147727 0.064062
0 0.934659 0.358594 0.125000 0.067187
0 0.096591 0.811719 0.153409 0.089063