0 0.407670 0.667188 0.133523 0.065625
0 0.294034 0.938281 0.173295 0.076563
0 0.955966 0.513281 0.088068 0.079687
0 0.730114 0.257812 0.125000 0.062500
0 0.490057 0.364062 0.127841 0.065625
0 0.947443 0.335156 0.105114 0.067187
0 0.801136 0.375781 0.125000 0.067187
0 0.193182 0.809375 0.142045 0.096875
0 0.647727 0.444531 0.130682 0.070313
0 0.247159 0.529688 0.142045 0.068750
0 0.531250 0.240625 0.125000 0.068750
0 0.551136 0.544531 0.142045 0.076563
0 0.309659 0.652344 0.164773 0.079687
0 0.070493 0.288136 0.104006 0.063559