0 0.068182 0.297656 0.125000 0.057813
0 0.901989 0.376563 0.122159 0.062500
0 0.068182 0.689062 0.130682 0.075000
0 0.319602 0.243750 0.122159 0.065625
0 0.941761 0.435156 0.110795 0.070313
0 0.112216 0.550000 0.133523 0.071875
0 0.593750 0.450781 0.125000 0.073438
0 0.617898 0.338281 0.116477 0.060937
0 0.748580 0.603125 0.133523 0.075000
0 0.788352 0.529688 0.133523 0.068750
0 0.349432 0.459375 0.125000 0.065625
0 0.453125 0.685938 0.144886 0.087500
0 0.426136 0.557813 0.153409 0.078125
0 0.602273 0.249219 0.130682 0.057813
0 0.436441 0.835805 0.142527 0.091102
0 0.245763 0.876059 0.177196 0.099576