0 0.042614 0.866406 0.085227 0.085938
0 0.863636 0.190625 0.119318 0.059375
0 0.264205 0.503906 0.142045 0.067187
0 0.696023 0.360938 0.130682 0.065625
0 0.244318 0.393750 0.153409 0.071875
0 0.605114 0.241406 0.130682 0.064062
0 0.731534 0.307813 0.127841 0.065625
0 0.904830 0.445312 0.133523 0.071875
0 0.730114 0.511719 0.125000 0.070313
0 0.603693 0.663281 0.144886 0.082812
0 0.383523 0.711318 0.130682 0.083613
0 0.586648 0.553125 0.133523 0.065625
0 0.079546 0.366406 0.153409 0.070313
0 0.852273 0.553906 0.119318 0.076563
0 0.386364 0.443750 0.142045 0.068750
0 0.144886 0.942187 0.170455 0.109375
0 0.414773 0.338281 0.147727 0.067187
0 0.348011 0.518750 0.150568 0.071875
0 0.089489 0.689426 0.167614 0.091038
0 0.348011 0.242188 0.144886 0.068750