0 0.204545 0.787500 0.142045 0.078125
0 0.379261 0.306250 0.116477 0.056250
0 0.183239 0.960938 0.184659 0.071875
0 0.423295 0.585938 0.147727 0.068750
0 0.436080 0.346875 0.150568 0.059375
0 0.562500 0.373437 0.125000 0.059375
0 0.407670 0.529688 0.161932 0.075000
0 0.755682 0.244531 0.107955 0.057813
0 0.911932 0.695312 0.125000 0.090625
0 0.700284 0.312500 0.122159 0.059375
0 0.862216 0.330469 0.127841 0.060937
0 0.791193 0.639063 0.122159 0.075000
0 0.218750 0.402344 0.136364 0.067187
0 0.549716 0.435937 0.150568 0.075000
0 0.225852 0.228906 0.144886 0.060937
0 0.737216 0.583594 0.133523 0.076563
0 0.126420 0.500781 0.161932 0.073438
0 0.829545 0.384375 0.125000 0.059375
0 0.762784 0.517969 0.139205 0.073438
0 0.588068 0.688281 0.136364 0.085938
0 0.441761 0.254687 0.122159 0.071875
0 0.076704 0.682813 0.147727 0.065625
0 0.107955 0.608594 0.153409 0.070313
0 0.426136 0.632812 0.130682 0.068750
1 0.164869 0.727754 0.208012 0.095339