0 0.357955 0.961719 0.136364 0.076562
0 0.451705 0.250781 0.125000 0.054688
0 0.970170 0.566406 0.059659 0.079687
0 0.366477 0.499219 0.125000 0.067187
0 0.228693 0.336719 0.127841 0.064062
0 0.673295 0.508594 0.130682 0.079687
0 0.623580 0.261719 0.122159 0.060937
0 0.697443 0.321094 0.122159 0.057813
0 0.771307 0.656250 0.133523 0.084375
0 0.782670 0.415625 0.116477 0.068750
0 0.575284 0.404687 0.127841 0.062500
0 0.252841 0.597656 0.136364 0.070313
0 0.134943 0.787500 0.144886 0.075000
0 0.403698 0.834746 0.146379 0.084746