0 0.041193 0.452344 0.082386 0.073438
0 0.069602 0.964063 0.139204 0.071874
0 0.038352 0.555469 0.076704 0.070313
0 0.607955 0.335938 0.130682 0.062500
0 0.285511 0.278125 0.116477 0.059375
0 0.294034 0.355469 0.133523 0.060937
0 0.117898 0.710938 0.184659 0.078125
0 0.156250 0.335938 0.142045 0.062500
0 0.133523 0.471875 0.153409 0.071875
0 0.785511 0.256250 0.122159 0.056250
0 0.413352 0.371875 0.150568 0.065625
0 0.836648 0.321875 0.133523 0.065625
0 0.832386 0.570312 0.142045 0.087500
0 0.115057 0.659375 0.167614 0.068750
0 0.693182 0.396094 0.147727 0.079687
0 0.879261 0.478906 0.133523 0.067187
0 0.062500 0.265625 0.125000 0.062500
0 0.508523 0.547656 0.159091 0.076563
0 0.600852 0.468750 0.156250 0.075000
0 0.906250 0.710156 0.130682 0.089063
0 0.484375 0.293750 0.139205 0.062500
0 0.519886 0.239844 0.125000 0.057813
0 0.237216 0.553125 0.167614 0.078125
0 0.478693 0.642187 0.150568 0.087500
0 0.366477 0.464844 0.153409 0.073438