0 0.052557 0.936719 0.105114 0.082812
0 0.978693 0.475781 0.042614 0.089063
0 0.247159 0.973437 0.147727 0.050000
0 0.975852 0.609375 0.048295 0.084375
0 0.607955 0.300781 0.130682 0.060937
0 0.184659 0.549219 0.147727 0.060937
0 0.840909 0.116406 0.102273 0.051562
0 0.272727 0.390625 0.136364 0.062500
0 0.791193 0.319531 0.122159 0.060937
0 0.137784 0.198437 0.144886 0.068750
0 0.663352 0.447656 0.133523 0.070313
0 0.125000 0.500781 0.153409 0.067187
0 0.231534 0.600000 0.144886 0.075000
0 0.394886 0.231250 0.130682 0.062500
0 0.677557 0.535156 0.133523 0.079687
0 0.802557 0.657812 0.133523 0.075000
0 0.531250 0.407031 0.147727 0.067187
0 0.938920 0.337500 0.116477 0.071875
0 0.663352 0.207031 0.116477 0.064062
0 0.265625 0.680469 0.144886 0.082812