0 0.590909 0.204688 0.136364 0.065625
0 0.252841 0.569531 0.176136 0.079687
1 0.697443 0.678906 0.156250 0.089063
0 0.350852 0.600000 0.139205 0.084375
0 0.329545 0.298438 0.136364 0.068750
0 0.710227 0.372656 0.130682 0.073438
0 0.840909 0.480469 0.136364 0.076563
0 0.061080 0.386719 0.122159 0.073438
0 0.735795 0.228906 0.130682 0.060937
0 0.424716 0.346875 0.144886 0.068750
0 0.504261 0.480469 0.161932 0.076563
0 0.211648 0.456250 0.161932 0.075000
0 0.153409 0.732813 0.170455 0.087500
0 0.086189 0.825036 0.170697 0.102418