1 0.951705 0.773438 0.096590 0.109375
0 0.365057 0.352344 0.133523 0.070313
1 0.889205 0.625000 0.153409 0.087500
0 0.207386 0.585156 0.153409 0.073438
1 0.614287 0.675511 0.149029 0.088523
0 0.258523 0.625000 0.159091 0.068750
0 0.288352 0.300000 0.133523 0.068750
0 0.129261 0.477344 0.167614 0.073438
0 0.669034 0.376563 0.133523 0.071875
0 0.771307 0.490625 0.139205 0.075000
0 0.950284 0.366406 0.099432 0.073438
0 0.434659 0.479688 0.153409 0.078125
0 0.674716 0.230469 0.139205 0.064062
0 0.934659 0.257812 0.125000 0.068750
0 0.561080 0.206250 0.127841 0.065625
0 0.132102 0.753906 0.150568 0.092188