0 0.981534 0.451562 0.036932 0.078125
0 0.049716 0.607813 0.093750 0.062500
0 0.734375 0.360938 0.127841 0.059375
0 0.836648 0.132812 0.105114 0.050000
0 0.230114 0.721875 0.119318 0.071875
0 0.578125 0.482031 0.139205 0.073438
0 0.647727 0.296875 0.136364 0.065625
0 0.674716 0.240625 0.110795 0.059375
0 0.352273 0.289844 0.130682 0.060937
0 0.765625 0.528906 0.116477 0.060937
0 0.384943 0.417188 0.139205 0.075000
0 0.387784 0.579687 0.122159 0.068750
0 0.140625 0.946094 0.156250 0.085938
0 0.784091 0.595312 0.119318 0.078125
0 0.088636 0.261875 0.163636 0.086250