0 0.968750 0.225000 0.062500 0.050000
0 0.275568 0.285156 0.113636 0.051562
0 0.058239 0.285156 0.110795 0.054688
0 0.291193 0.551562 0.161932 0.059375
0 0.933239 0.343750 0.122159 0.068750
0 0.724432 0.189844 0.125000 0.057813
0 0.274148 0.605469 0.150568 0.070313
0 0.751420 0.437500 0.139205 0.081250
0 0.715909 0.381250 0.142045 0.068750
0 0.063921 0.345313 0.127841 0.065625
0 0.485795 0.485938 0.164773 0.075000
0 0.862216 0.716406 0.139205 0.089063
0 0.725852 0.562500 0.116477 0.078125
0 0.343750 0.446094 0.147727 0.070313
0 0.572443 0.294531 0.133523 0.070313
0 0.353693 0.360938 0.150568 0.062500
0 0.251420 0.750781 0.156250 0.082812
0 0.454545 0.613281 0.153409 0.085938