0 0.041193 0.533594 0.082386 0.076563
0 0.953125 0.318750 0.093750 0.062500
0 0.160511 0.532812 0.156250 0.068750
0 0.109375 0.305469 0.110795 0.054688
0 0.082386 0.872656 0.164772 0.104687
0 0.470170 0.451562 0.156250 0.075000
0 0.536932 0.651563 0.170455 0.096875
0 0.838068 0.567187 0.125000 0.065625
0 0.126420 0.468750 0.161932 0.062500
0 0.911932 0.278125 0.119318 0.056250
0 0.748580 0.242188 0.116477 0.062500
0 0.671875 0.408594 0.133523 0.070313
0 0.076704 0.419531 0.153408 0.064062
0 0.244318 0.559375 0.164773 0.078125
0 0.436080 0.369531 0.156250 0.067187
0 0.661932 0.485156 0.130682 0.076563
0 0.288352 0.328906 0.139205 0.070313
0 0.620739 0.301562 0.133523 0.068750
0 0.515625 0.221875 0.133523 0.062500
0 0.855114 0.646094 0.136364 0.082812
0 0.106534 0.712500 0.173295 0.087500