0 0.586648 0.570312 0.116477 0.137500
0 0.038352 0.423438 0.076704 0.071875
0 0.971591 0.253906 0.056818 0.067187
0 0.173295 0.953125 0.176136 0.093750
0 0.323864 0.224219 0.130682 0.060937
0 0.957386 0.397656 0.085227 0.064062
0 0.758523 0.136719 0.113636 0.054688
0 0.794034 0.250781 0.127841 0.060937
0 0.517045 0.350781 0.142045 0.064062
0 0.553977 0.259375 0.125000 0.065625
0 0.330966 0.428125 0.139205 0.062500
0 0.274148 0.332812 0.139205 0.062500
0 0.786932 0.368750 0.130682 0.065625
0 0.606534 0.603125 0.105114 0.071875
0 0.573864 0.529688 0.125000 0.071875
0 0.159091 0.715625 0.147727 0.075000
0 0.502841 0.458594 0.119318 0.067187
0 0.056818 0.685156 0.113636 0.064062
0 0.056818 0.591250 0.113636 0.085000