0 0.975852 0.353906 0.048295 0.060937
0 0.191761 0.461719 0.144886 0.067187
0 0.954545 0.135937 0.090909 0.062500
0 0.524148 0.253906 0.110795 0.060937
0 0.971591 0.407813 0.056818 0.075000
0 0.615057 0.403906 0.133523 0.067187
0 0.471591 0.658594 0.119318 0.076563
0 0.149148 0.857031 0.144886 0.076563
0 0.761364 0.498437 0.136364 0.081250
0 0.576705 0.354688 0.142045 0.059375
0 0.669034 0.602344 0.127841 0.079687
0 0.353693 0.498437 0.133523 0.068750
0 0.430398 0.323438 0.139205 0.065625
0 0.268466 0.214844 0.127841 0.057813
0 0.799716 0.257031 0.122159 0.060937
0 0.059659 0.785937 0.119318 0.084375
0 0.737216 0.189063 0.122159 0.059375
0 0.282670 0.579687 0.139205 0.075000