0 0.340909 0.932031 0.147727 0.064062
0 0.500000 0.250000 0.125000 0.059375
0 0.660511 0.272656 0.122159 0.060937
0 0.784091 0.332031 0.113636 0.057813
0 0.065341 0.591406 0.125000 0.067187
0 0.328125 0.359375 0.122159 0.065625
0 0.660511 0.390625 0.127841 0.068750
0 0.474432 0.481250 0.130682 0.065625
0 0.776989 0.507812 0.139205 0.075000
0 0.903409 0.653906 0.136364 0.085938
0 0.373580 0.585938 0.127841 0.075000
0 0.870739 0.407031 0.122159 0.070313
0 0.240057 0.729688 0.133523 0.071875
0 0.189908 0.875000 0.157935 0.114407