0 0.071023 0.900000 0.136364 0.096875
0 0.913352 0.273438 0.099432 0.053125
0 0.052557 0.327344 0.099432 0.067187
0 0.907670 0.324219 0.116477 0.057813
0 0.796875 0.542969 0.122159 0.070313
0 0.421875 0.543750 0.150568 0.071875
0 0.321023 0.700000 0.147727 0.071875
0 0.897727 0.209375 0.107955 0.056250
0 0.468750 0.257031 0.130682 0.060937
0 0.372159 0.452344 0.136364 0.067187
0 0.910511 0.614844 0.139205 0.082812
0 0.183239 0.286719 0.139205 0.060937
0 0.786932 0.415625 0.125000 0.065625
0 0.663352 0.475781 0.122159 0.070313
0 0.637784 0.284375 0.127841 0.068750
0 0.392045 0.325781 0.142045 0.070313
0 0.487216 0.361719 0.127841 0.067187
0 0.501420 0.634375 0.139205 0.087500
0 0.146307 0.403125 0.144886 0.062500
0 0.089489 0.636719 0.161932 0.064062
0 0.134943 0.557031 0.156250 0.070313
0 0.102273 0.454688 0.159091 0.075000
0 0.079546 0.701563 0.153409 0.084375
1 0.681048 0.754237 0.138675 0.072034