0 0.762784 0.991406 0.122159 0.017188
0 0.971591 0.256250 0.056818 0.056250
0 0.098011 0.319531 0.122159 0.060937
0 0.978693 0.298438 0.042614 0.062500
0 0.558239 0.542188 0.150568 0.062500
0 0.953125 0.546094 0.093750 0.070313
0 0.274148 0.282031 0.139205 0.064062
0 0.730114 0.273438 0.125000 0.068750
0 0.752841 0.477344 0.125000 0.073438
0 0.562500 0.256250 0.113636 0.056250
0 0.272727 0.377344 0.147727 0.064062
0 0.661932 0.607031 0.130682 0.082812
0 0.227273 0.430469 0.164773 0.076563
0 0.232955 0.642187 0.153409 0.075000
0 0.936080 0.189063 0.116477 0.062500
0 0.431818 0.300781 0.130682 0.060937
0 0.292614 0.504687 0.153409 0.071875
0 0.433239 0.675781 0.144886 0.076563
0 0.221591 0.585156 0.159091 0.067187
0 0.882102 0.378906 0.127841 0.060937
0 0.615057 0.360938 0.122159 0.065625
0 0.482955 0.432031 0.136364 0.067187
0 0.075284 0.795313 0.150568 0.090625