0 0.085227 0.295312 0.136364 0.071875
0 0.413352 0.304688 0.133523 0.056250
0 0.619318 0.496094 0.153409 0.067187
0 0.971591 0.564844 0.056818 0.076563
0 0.965909 0.485156 0.068182 0.073438
0 0.629261 0.278906 0.110795 0.057813
0 0.809659 0.451562 0.130682 0.065625
0 0.620739 0.328906 0.133523 0.060937
0 0.886364 0.287500 0.119318 0.059375
0 0.686080 0.621875 0.122159 0.071875
0 0.160511 0.780469 0.178977 0.092188
0 0.438920 0.390625 0.139205 0.065625
0 0.343750 0.552344 0.159091 0.070313
0 0.921875 0.218750 0.116477 0.062500
0 0.651989 0.552344 0.144886 0.073438
0 0.338068 0.235938 0.125000 0.062500
0 0.092329 0.415625 0.144886 0.068750
0 0.835227 0.684375 0.125000 0.081250
0 0.386364 0.438281 0.142045 0.070313
0 0.764205 0.367969 0.142045 0.064062
0 0.349432 0.632812 0.153409 0.081250
1 0.461479 0.708686 0.177196 0.091102