0 0.041155 0.459062 0.082310 0.068124
0 0.615057 0.367969 0.156250 0.073438
0 0.946023 0.253125 0.107954 0.065625
0 0.775568 0.327344 0.130682 0.070313
1 0.115608 0.736326 0.140308 0.088277
0 0.532670 0.276563 0.133523 0.062500
0 0.593897 0.656472 0.136068 0.064011
0 0.622159 0.427344 0.159091 0.076563
0 0.356534 0.524219 0.178977 0.073438
0 0.349432 0.350000 0.153409 0.068750
1 0.298352 0.641448 0.198976 0.101646
0 0.339489 0.428125 0.150568 0.075000
0 0.725852 0.537500 0.116477 0.075000
0 0.038568 0.399953 0.077136 0.055477
0 0.559485 0.589616 0.139661 0.081081