1 0.131381 0.954481 0.160490 0.091038
0 0.080966 0.416406 0.144886 0.073438
0 0.264205 0.332031 0.130682 0.064062
0 0.413352 0.391406 0.156250 0.073438
1 0.109466 0.731219 0.188801 0.115562
0 0.062500 0.483594 0.125000 0.082812
0 0.791193 0.402344 0.133523 0.082812
0 0.755682 0.479688 0.142045 0.078125
0 0.450284 0.659375 0.133523 0.081250
0 0.718750 0.261719 0.142045 0.070313
0 0.944602 0.315625 0.110795 0.068750
0 0.839489 0.582031 0.127841 0.076563
0 0.561080 0.337500 0.139205 0.075000
0 0.291193 0.607031 0.156250 0.076563
0 0.325284 0.458594 0.178977 0.079687
0 0.444602 0.552344 0.156250 0.073438
0 0.102273 0.593750 0.176136 0.075000
1 0.056673 0.848743 0.113345 0.099573