0 0.017046 0.928906 0.034091 0.082812
0 0.214489 0.953906 0.156250 0.092188
0 0.720170 0.382812 0.133523 0.059375
0 0.595170 0.256250 0.127841 0.059375
0 0.120739 0.198437 0.139205 0.062500
0 0.598011 0.217187 0.133523 0.062500
0 0.298295 0.375781 0.153409 0.064062
0 0.497159 0.520312 0.147727 0.087500
0 0.809659 0.182031 0.107955 0.054688
0 0.714489 0.432813 0.127841 0.068750
0 0.772727 0.563281 0.130682 0.073438
0 0.883523 0.467969 0.125000 0.070313
0 0.259943 0.331250 0.156250 0.068750
0 0.369318 0.634375 0.142045 0.081250
0 0.761364 0.291406 0.136364 0.073438
0 0.059659 0.728125 0.119318 0.090625
0 0.075284 0.583594 0.144886 0.076563
0 0.296875 0.443750 0.144886 0.075000
0 0.221591 0.710156 0.147727 0.076563
0 0.406818 0.236250 0.159091 0.060000