0 0.637784 0.403906 0.133523 0.067187
0 0.963068 0.397656 0.073864 0.064062
0 0.318182 0.252344 0.136364 0.067187
0 0.188920 0.501562 0.144886 0.068750
0 0.767045 0.307813 0.113636 0.059375
0 0.786932 0.238281 0.113636 0.057813
0 0.724432 0.365625 0.113636 0.062500
0 0.646307 0.568750 0.133523 0.071875
0 0.284091 0.418750 0.142045 0.065625
0 0.873580 0.500781 0.122159 0.070313
0 0.740057 0.644531 0.133523 0.082812
0 0.528409 0.473437 0.125000 0.068750
0 0.284091 0.325000 0.147727 0.071875
0 0.295455 0.663281 0.147727 0.082812
0 0.505682 0.292969 0.136364 0.067187
0 0.250000 0.603125 0.147727 0.068750
0 0.119318 0.799219 0.159091 0.082812
1 0.686826 0.770127 0.134823 0.074153