0 0.980114 0.353125 0.039772 0.071875
0 0.190341 0.741406 0.153409 0.079687
0 0.051136 0.322656 0.102272 0.076563
0 0.958807 0.590625 0.082386 0.081250
0 0.032670 0.748438 0.065340 0.084375
0 0.860795 0.526563 0.136364 0.081250
0 0.431818 0.405469 0.136364 0.064062
0 0.728693 0.670313 0.127841 0.078125
0 0.703125 0.421094 0.133523 0.073438
0 0.269886 0.214062 0.147727 0.059375
0 0.487216 0.164844 0.127841 0.060937
0 0.798295 0.324219 0.130682 0.067187
0 0.896307 0.132812 0.116477 0.065625
0 0.629261 0.292188 0.133523 0.068750
0 0.526989 0.549219 0.144886 0.076563
0 0.779830 0.246875 0.116477 0.059375
0 0.318182 0.307031 0.142045 0.067187
0 0.183239 0.580469 0.150568 0.076563
0 0.578125 0.220313 0.127841 0.062500
0 0.426136 0.592969 0.142045 0.079687
0 0.394886 0.493750 0.159091 0.071875
0 0.133523 0.869531 0.153409 0.079687
0 0.078409 0.166875 0.156818 0.086250