0 0.333807 0.614844 0.161932 0.120312
1 0.051500 0.771586 0.103000 0.108796
0 0.696023 0.605469 0.130682 0.079687
0 0.856534 0.522656 0.122159 0.070313
1 0.069604 0.907776 0.139208 0.103841
0 0.853693 0.322656 0.127841 0.070313
0 0.286932 0.434375 0.164773 0.075000
0 0.687500 0.396875 0.136364 0.084375
0 0.607955 0.261719 0.142045 0.067187
0 0.651989 0.503125 0.133523 0.078125
0 0.355114 0.664844 0.153409 0.079687
0 0.319602 0.578125 0.161932 0.065625
0 0.446023 0.359375 0.136364 0.068750
0 0.217330 0.511719 0.173295 0.076563
0 0.188920 0.628125 0.150568 0.078125
0 0.134036 0.359175 0.150006 0.066856