0 0.130682 0.420312 0.130682 0.062500
0 0.205966 0.234375 0.139205 0.062500
0 0.186080 0.793750 0.144886 0.084375
0 0.389205 0.341406 0.142045 0.060937
0 0.616477 0.303125 0.136364 0.062500
0 0.055398 0.530469 0.105114 0.067187
0 0.051136 0.625781 0.102272 0.070313
0 0.312500 0.293750 0.113636 0.056250
0 0.947443 0.553125 0.105114 0.081250
0 0.690341 0.263281 0.119318 0.060937
0 0.750000 0.392188 0.130682 0.059375
0 0.786932 0.698438 0.125000 0.084375
0 0.475852 0.378125 0.139205 0.062500
0 0.782670 0.342969 0.133523 0.064062
0 0.342330 0.532031 0.161932 0.073438
0 0.690341 0.514844 0.136364 0.070313
0 0.623580 0.557031 0.150568 0.070313
0 0.427557 0.230469 0.127841 0.064062
0 0.676136 0.638281 0.119318 0.073438
0 0.454545 0.435937 0.153409 0.071875
0 0.475852 0.681250 0.139205 0.078125
0 0.311080 0.653125 0.144886 0.071875
0 0.350852 0.601562 0.150568 0.065625