0 0.278409 0.342969 0.142045 0.057813
0 0.857955 0.323438 0.119318 0.059375
0 0.734375 0.355469 0.133523 0.060937
0 0.576705 0.320312 0.125000 0.065625
0 0.411932 0.311719 0.125000 0.054688
0 0.487216 0.419531 0.144886 0.060937
0 0.727273 0.225781 0.107955 0.048438
0 0.768466 0.282813 0.127841 0.059375
0 0.163352 0.586719 0.161932 0.064062
0 0.849432 0.675781 0.142045 0.085938
0 0.409091 0.575781 0.153409 0.067187
0 0.518466 0.254687 0.116477 0.056250
0 0.191761 0.746875 0.144886 0.078125
0 0.282670 0.259375 0.133523 0.053125
0 0.869318 0.444531 0.130682 0.073438
0 0.096591 0.328906 0.164773 0.070313
0 0.096591 0.964844 0.164773 0.070312
0 0.149148 0.643750 0.161932 0.056250
0 0.767045 0.516406 0.125000 0.070313
0 0.166193 0.221094 0.139205 0.060937
0 0.330966 0.473437 0.150568 0.065625
0 0.721591 0.420312 0.125000 0.062500
0 0.430398 0.645312 0.150568 0.078125
0 0.308239 0.391406 0.150568 0.064062
0 0.549716 0.482031 0.156250 0.076563
0 0.103693 0.488281 0.167614 0.079687