0 0.230114 0.802344 0.136364 0.079687
0 0.960227 0.323438 0.079546 0.056250
0 0.897727 0.579687 0.130682 0.071875
0 0.562500 0.272656 0.119318 0.064062
0 0.799716 0.305469 0.122159 0.057813
0 0.518466 0.503125 0.150568 0.078125
0 0.678977 0.376563 0.130682 0.065625
0 0.563920 0.560938 0.144886 0.071875
0 0.548295 0.332812 0.119318 0.059375
0 0.700284 0.448438 0.139205 0.071875
0 0.835227 0.225781 0.119318 0.057813
0 0.342330 0.390625 0.133523 0.065625
0 0.284091 0.242188 0.136364 0.059375
0 0.940341 0.374219 0.113636 0.057813
0 0.879261 0.493750 0.133523 0.071875
0 0.224432 0.631250 0.153409 0.075000
0 0.269886 0.459375 0.147727 0.068750
0 0.242898 0.567969 0.156250 0.070313
0 0.721591 0.686719 0.130682 0.085938
0 0.575284 0.625781 0.116477 0.070313
1 0.340139 0.717161 0.150231 0.091102