0 0.044034 0.569531 0.088068 0.067187
0 0.255682 0.721875 0.136364 0.075000
0 0.501420 0.625000 0.133523 0.078125
0 0.725852 0.325000 0.133523 0.075000
0 0.917614 0.267188 0.142045 0.078125
0 0.649148 0.539844 0.127841 0.073438
0 0.238636 0.404687 0.153409 0.068750
0 0.806818 0.462500 0.125000 0.081250
0 0.559659 0.414844 0.142045 0.085938
0 0.468750 0.270312 0.125000 0.065625
0 0.511364 0.528125 0.147727 0.084375
0 0.143466 0.603125 0.161932 0.071875
0 0.102273 0.507812 0.176136 0.071875
0 0.073864 0.703125 0.147727 0.078125
1 0.166365 0.957089 0.121557 0.085822