0 0.671875 0.360938 0.122159 0.059375
0 0.704545 0.317187 0.125000 0.059375
0 0.494318 0.478125 0.142045 0.071875
0 0.288352 0.249219 0.133523 0.064062
0 0.599432 0.567969 0.142045 0.067187
0 0.936080 0.403906 0.122159 0.067187
0 0.752841 0.252344 0.125000 0.064062
0 0.603693 0.409375 0.133523 0.068750
0 0.701705 0.649219 0.136364 0.082812
0 0.838068 0.506250 0.125000 0.075000
0 0.470170 0.299219 0.133523 0.064062
0 0.225852 0.435156 0.150568 0.067187
0 0.153409 0.515625 0.142045 0.068750
0 0.093750 0.828125 0.159091 0.075000
0 0.245739 0.328906 0.150568 0.076563
0 0.218750 0.613281 0.142045 0.067187
0 0.261364 0.678906 0.142045 0.076563
1 0.700308 0.778602 0.161787 0.078390