0 0.362216 0.961719 0.133523 0.076562
0 0.200284 0.328906 0.139205 0.067187
0 0.434659 0.248437 0.125000 0.053125
0 0.683239 0.317187 0.122159 0.059375
0 0.703125 0.662500 0.127841 0.084375
0 0.623580 0.512500 0.139205 0.078125
0 0.610795 0.251563 0.119318 0.056250
0 0.947443 0.578906 0.105114 0.076563
0 0.735795 0.414844 0.119318 0.070313
0 0.306818 0.510156 0.130682 0.070313
0 0.098011 0.827344 0.139205 0.076563
0 0.525568 0.419531 0.136364 0.064062
0 0.217330 0.610937 0.133523 0.068750
0 0.415254 0.826271 0.177196 0.093220