0 0.150568 0.694531 0.164773 0.073438
0 0.084770 0.261719 0.152494 0.060937
0 0.306818 0.285937 0.113636 0.056250
0 0.637784 0.332031 0.122159 0.060937
0 0.053977 0.928125 0.107954 0.118750
0 0.544034 0.290625 0.122159 0.062500
0 0.338068 0.343750 0.147727 0.075000
0 0.545455 0.647656 0.147727 0.089063
0 0.552557 0.550000 0.156250 0.078125
0 0.954545 0.732813 0.090909 0.090625
0 0.552557 0.248437 0.116477 0.059375
0 0.636364 0.473437 0.147727 0.075000
0 0.177557 0.337500 0.144886 0.065625
0 0.882102 0.568750 0.133523 0.084375
0 0.066761 0.548437 0.133522 0.071875
0 0.742898 0.389844 0.139205 0.076563
0 0.474432 0.367188 0.147727 0.065625
0 0.883523 0.320312 0.130682 0.065625
0 0.065341 0.444531 0.130682 0.070313
0 0.201705 0.461719 0.147727 0.070313
0 0.832386 0.255469 0.119318 0.054688
0 0.167614 0.634375 0.164773 0.068750
0 0.927557 0.482031 0.133523 0.067187
0 0.282670 0.542969 0.173295 0.079687
0 0.436080 0.465625 0.156250 0.071875