0 0.198864 0.835156 0.136364 0.104687
0 0.683239 0.274219 0.127841 0.064062
0 0.855114 0.328125 0.119318 0.062500
0 0.941761 0.410937 0.116477 0.075000
0 0.512784 0.240625 0.116477 0.065625
0 0.417614 0.362500 0.130682 0.068750
0 0.860795 0.510938 0.136364 0.078125
0 0.552557 0.467187 0.127841 0.065625
0 0.711648 0.382812 0.127841 0.068750
0 0.450284 0.569531 0.133523 0.073438
0 0.146307 0.560156 0.133523 0.064062
0 0.281250 0.692969 0.136364 0.073438
0 0.403698 0.781780 0.161787 0.088983
0 0.311248 0.902542 0.161787 0.093220