0 0.079546 0.247656 0.136364 0.060937
0 0.390625 0.229687 0.133523 0.059375
0 0.803977 0.104687 0.102273 0.046875
0 0.875000 0.350781 0.125000 0.064062
0 0.133523 0.628125 0.130682 0.071875
0 0.590909 0.330469 0.113636 0.057813
0 0.889205 0.231250 0.113636 0.053125
0 0.612216 0.247656 0.122159 0.060937
0 0.602273 0.437500 0.125000 0.071875
0 0.440341 0.411719 0.130682 0.064062
0 0.259943 0.660156 0.133523 0.073438
0 0.732955 0.592188 0.113636 0.075000
0 0.348011 0.321094 0.139205 0.060937
0 0.690341 0.517969 0.130682 0.076563
0 0.136364 0.928125 0.187500 0.128125
0 0.111364 0.553125 0.163636 0.088750