0 0.154830 0.384375 0.156250 0.065625
0 0.488636 0.233594 0.119318 0.057813
0 0.217330 0.278125 0.133523 0.056250
0 0.967330 0.517187 0.065340 0.071875
0 0.039773 0.817969 0.079546 0.089063
0 0.558239 0.438281 0.161932 0.079687
0 0.708807 0.561719 0.144886 0.082812
0 0.653409 0.251563 0.119318 0.056250
0 0.063921 0.605469 0.127841 0.073438
0 0.500000 0.382812 0.136364 0.062500
0 0.850852 0.411719 0.133523 0.073438
0 0.245739 0.407031 0.156250 0.070313
0 0.708807 0.678906 0.122159 0.085938
0 0.697443 0.481250 0.133523 0.068750
0 0.708807 0.323438 0.139205 0.068750
0 0.357955 0.564844 0.159091 0.073438
0 0.397727 0.494531 0.170455 0.073438
0 0.190341 0.492969 0.153409 0.073438
0 0.352273 0.295312 0.136364 0.062500
0 0.279830 0.646094 0.150568 0.079687