0 0.112216 0.944531 0.196023 0.110937
0 0.444602 0.679688 0.167614 0.087500
0 0.778409 0.236719 0.102273 0.048438
0 0.931818 0.514844 0.130682 0.067187
0 0.508523 0.326562 0.113636 0.059375
0 0.225852 0.578906 0.161932 0.073438
0 0.960227 0.318750 0.079546 0.065625
0 0.187500 0.276563 0.130682 0.059375
0 0.723011 0.396875 0.127841 0.062500
0 0.660511 0.589844 0.133523 0.079687
0 0.795455 0.297656 0.119318 0.057813
0 0.654830 0.430469 0.139205 0.067187
0 0.517045 0.267969 0.119318 0.060937
0 0.899148 0.471875 0.133523 0.062500
0 0.620739 0.530469 0.144886 0.073438
0 0.272727 0.454688 0.147727 0.071875
0 0.238636 0.639844 0.164773 0.073438
0 0.066761 0.800781 0.133522 0.098437
0 0.363636 0.357812 0.142045 0.065625
1 0.663713 0.734110 0.150231 0.086864