0 0.754261 0.226562 0.122159 0.053125
0 0.632102 0.316406 0.139205 0.064062
0 0.073864 0.952331 0.142045 0.095338
0 0.041193 0.423438 0.082386 0.081250
0 0.330966 0.333594 0.133523 0.060937
0 0.446023 0.299219 0.136364 0.057813
0 0.914773 0.316406 0.142045 0.064062
0 0.782670 0.353125 0.139205 0.062500
0 0.049716 0.674219 0.099432 0.076563
0 0.772727 0.425000 0.130682 0.059375
0 0.816761 0.285156 0.122159 0.057813
0 0.348011 0.389062 0.156250 0.059375
0 0.198864 0.631250 0.159091 0.065625
0 0.139205 0.318750 0.164773 0.075000
0 0.545455 0.413281 0.159091 0.064062
0 0.595170 0.476562 0.161932 0.075000
0 0.234375 0.742188 0.150568 0.078125
0 0.917614 0.669531 0.136364 0.092188
0 0.203125 0.219531 0.127841 0.064062
0 0.372159 0.460156 0.164773 0.073438
0 0.474432 0.642969 0.153409 0.082812
0 0.825284 0.517187 0.122159 0.071875
0 0.208807 0.575781 0.156250 0.064062
0 0.453125 0.571875 0.156250 0.071875
0 0.177557 0.467187 0.167614 0.075000
0 0.561080 0.245312 0.116477 0.053125
0 0.934659 0.439063 0.125000 0.071875
0 0.336648 0.253906 0.127841 0.060937