0 0.230114 0.706250 0.142045 0.078125
0 0.024148 0.876562 0.048295 0.071875
0 0.071023 0.431250 0.136364 0.071875
0 0.049716 0.978906 0.099432 0.042188
0 0.404830 0.270312 0.150568 0.071875
0 0.053977 0.701563 0.107954 0.084375
0 0.322443 0.209375 0.144886 0.062500
0 0.511364 0.385156 0.136364 0.067187
0 0.096591 0.309375 0.147727 0.071875
0 0.862216 0.230469 0.116477 0.057813
0 0.265625 0.552344 0.161932 0.085938
0 0.653409 0.217969 0.125000 0.057813
0 0.651989 0.292188 0.144886 0.071875
0 0.623580 0.527344 0.133523 0.070313
0 0.798295 0.416406 0.130682 0.067187
0 0.482955 0.171094 0.130682 0.070313
0 0.897727 0.317969 0.136364 0.067187
0 0.112216 0.821875 0.156250 0.087500
0 0.535511 0.590625 0.133523 0.081250
0 0.950284 0.107031 0.099432 0.057813
0 0.059659 0.511719 0.119318 0.073438
0 0.830966 0.668750 0.127841 0.084375
0 0.941761 0.514844 0.116477 0.076563
0 0.507102 0.482031 0.139205 0.073438
0 0.096591 0.167500 0.129545 0.092500