0 0.171875 0.320312 0.116477 0.059375
0 0.954545 0.503906 0.090909 0.070313
0 0.602273 0.246094 0.119318 0.054688
0 0.413352 0.245312 0.116477 0.059375
0 0.664773 0.327344 0.125000 0.060937
0 0.704545 0.415625 0.113636 0.068750
0 0.181818 0.624219 0.142045 0.070313
0 0.250000 0.516406 0.136364 0.073438
0 0.582386 0.518750 0.142045 0.081250
0 0.485795 0.428906 0.125000 0.064062
0 0.893466 0.580469 0.127841 0.079687
0 0.647727 0.669531 0.125000 0.089063
0 0.088068 0.860156 0.142045 0.076563
0 0.415254 0.824153 0.138675 0.093220