0 0.500000 0.336719 0.142045 0.060937
0 0.461648 0.250781 0.133523 0.054688
0 0.769886 0.228906 0.113636 0.048438
0 0.194602 0.260938 0.110795 0.053125
0 0.494318 0.378125 0.136364 0.062500
0 0.579545 0.460156 0.153409 0.070313
0 0.632102 0.268750 0.122159 0.062500
0 0.184659 0.403906 0.147727 0.064062
0 0.678977 0.662500 0.159091 0.071875
0 0.842330 0.538281 0.127841 0.070313
0 0.173295 0.522656 0.153409 0.064062
0 0.522727 0.602344 0.142045 0.076563
0 0.512784 0.527344 0.150568 0.067187
0 0.951705 0.585938 0.096590 0.084375
0 0.720170 0.391406 0.127841 0.064062
0 0.835227 0.325000 0.119318 0.059375
0 0.920455 0.235156 0.113636 0.064062
0 0.120739 0.588281 0.173295 0.070313
0 0.285511 0.332812 0.127841 0.059375
0 0.102273 0.653125 0.153409 0.075000
0 0.917614 0.430469 0.125000 0.060937
0 0.288352 0.719531 0.150568 0.079687