0 0.052557 0.650781 0.105114 0.079687
0 0.133523 0.358594 0.176136 0.079687
0 0.659091 0.258594 0.125000 0.064062
0 0.455966 0.321875 0.150568 0.071875
0 0.693182 0.336719 0.136364 0.070313
0 0.768466 0.407813 0.144886 0.078125
0 0.723011 0.607031 0.122159 0.076563
0 0.528409 0.538281 0.147727 0.073438
0 0.852273 0.539062 0.119318 0.075000
1 0.427557 0.654312 0.173295 0.097625
0 0.720170 0.668750 0.133523 0.065625
0 0.149148 0.435937 0.161932 0.071875
0 0.893466 0.313281 0.127841 0.067187
0 0.117898 0.535156 0.161932 0.079687
0 0.477273 0.418750 0.153409 0.084375
1 0.239429 0.704362 0.159058 0.081081