0 0.039773 0.991406 0.079546 0.017188
0 0.065341 0.471875 0.125000 0.075000
0 0.110795 0.186719 0.142045 0.054688
0 0.791193 0.320312 0.122159 0.062500
0 0.535511 0.307813 0.144886 0.062500
0 0.517045 0.364062 0.142045 0.059375
0 0.698864 0.289844 0.125000 0.060937
0 0.617898 0.434375 0.150568 0.065625
0 0.075284 0.284375 0.139205 0.068750
0 0.338068 0.201562 0.130682 0.062500
0 0.365057 0.282031 0.150568 0.073438
0 0.217330 0.371094 0.139205 0.070313
0 0.755682 0.388281 0.142045 0.070313
0 0.062500 0.564844 0.125000 0.073438
0 0.795455 0.235156 0.113636 0.054688
0 0.776989 0.701563 0.139205 0.084375
0 0.765625 0.584375 0.122159 0.071875
0 0.467330 0.708594 0.144886 0.076563
0 0.825284 0.469531 0.139205 0.073438
0 0.461648 0.521094 0.167614 0.073438
0 0.448864 0.595312 0.159091 0.075000
0 0.400568 0.413281 0.159091 0.073438
0 0.544034 0.245312 0.144886 0.062500
0 0.166193 0.677344 0.184659 0.079687
0 0.205966 0.572656 0.156250 0.070313
0 0.123580 0.791406 0.150568 0.079687