0 0.568182 0.618750 0.119318 0.078125
1 0.043741 0.814324 0.087482 0.106772
0 0.076704 0.555469 0.153408 0.073438
0 0.765625 0.326562 0.139205 0.081250
0 0.272727 0.717969 0.147727 0.085938
0 0.860795 0.462500 0.125000 0.078125
0 0.721591 0.539844 0.119318 0.073438
0 0.511364 0.260938 0.142045 0.071875
0 0.599432 0.407031 0.147727 0.085938
0 0.562500 0.517969 0.142045 0.085938
0 0.203125 0.587500 0.161932 0.078125
0 0.321023 0.386719 0.136364 0.067187
0 0.176136 0.484375 0.164773 0.071875
0 0.102273 0.689062 0.170455 0.081250
1 0.105586 0.952821 0.150006 0.094358