0 0.053977 0.939062 0.107954 0.090625
0 0.355114 0.200781 0.113636 0.054688
0 0.071023 0.292188 0.113636 0.059375
0 0.278409 0.546875 0.153409 0.071875
0 0.884943 0.175781 0.116477 0.057813
0 0.507102 0.349219 0.133523 0.064062
0 0.055398 0.579687 0.105114 0.081250
0 0.186080 0.329688 0.139205 0.062500
0 0.755682 0.628125 0.130682 0.081250
0 0.845170 0.320312 0.127841 0.062500
0 0.396307 0.311719 0.127841 0.064062
0 0.169034 0.404687 0.133523 0.062500
0 0.857955 0.383594 0.113636 0.057813
0 0.708807 0.443750 0.150568 0.078125
0 0.615057 0.550000 0.150568 0.084375
0 0.359375 0.494531 0.156250 0.070313
0 0.522727 0.242188 0.142045 0.071875
0 0.928977 0.570312 0.130682 0.071875
0 0.740057 0.269531 0.116477 0.064062
0 0.083807 0.732031 0.161932 0.079687
0 0.095171 0.485156 0.161932 0.073438
0 0.434659 0.403125 0.125000 0.059375
0 0.893466 0.496094 0.139205 0.070313
0 0.910511 0.685156 0.127841 0.082812
0 0.399148 0.715625 0.144886 0.081250
0 0.255682 0.635156 0.142045 0.076563