0 0.339489 0.672656 0.156250 0.082812
0 0.093750 0.448438 0.164773 0.071875
0 0.460227 0.275000 0.136364 0.062500
0 0.453125 0.410156 0.139205 0.064062
0 0.093750 0.639844 0.170455 0.082812
0 0.691761 0.203125 0.110795 0.053125
0 0.538352 0.567969 0.133523 0.079687
0 0.089489 0.530469 0.161932 0.070313
0 0.455966 0.537500 0.150568 0.078125
0 0.892045 0.221875 0.142045 0.059375
0 0.678977 0.462500 0.136364 0.078125
0 0.849432 0.365625 0.130682 0.068750
0 0.204545 0.372656 0.153409 0.070313
0 0.561080 0.313281 0.139205 0.073438
0 0.245739 0.734375 0.161932 0.081250
0 0.237489 0.276197 0.134489 0.075391