0 0.589489 0.378906 0.139205 0.057813
0 0.188920 0.188281 0.122159 0.051562
0 0.821023 0.269531 0.113636 0.054688
0 0.426136 0.221875 0.130682 0.059375
0 0.487216 0.288281 0.144886 0.067187
0 0.933239 0.212500 0.110795 0.053125
0 0.758523 0.437500 0.130682 0.071875
0 0.609375 0.561719 0.139205 0.079687
0 0.519886 0.399219 0.153409 0.070313
0 0.633523 0.729688 0.142045 0.087500
0 0.170455 0.446875 0.147727 0.065625
0 0.913352 0.322656 0.127841 0.060937
0 0.190341 0.278906 0.136364 0.064062
0 0.928977 0.593750 0.130682 0.071875
0 0.305398 0.360156 0.150568 0.064062
0 0.953125 0.462500 0.093750 0.071875
0 0.948864 0.737500 0.102272 0.087500
0 0.330966 0.628906 0.173295 0.089063
0 0.626420 0.325000 0.139205 0.062500
0 0.904830 0.417188 0.133523 0.068750
0 0.150568 0.522656 0.159091 0.064062
0 0.332386 0.528125 0.164773 0.081250
0 0.616477 0.493750 0.153409 0.071875
0 0.671875 0.232812 0.127841 0.059375
0 0.197443 0.739062 0.144886 0.087500