0 0.559659 0.308594 0.142045 0.060937
0 0.946023 0.165625 0.096591 0.053125
0 0.829545 0.400000 0.164773 0.065625
0 0.147727 0.185156 0.136364 0.054688
0 0.085227 0.463281 0.159091 0.079687
0 0.735795 0.277344 0.107955 0.054688
0 0.548295 0.367969 0.142045 0.057813
0 0.830966 0.317969 0.116477 0.057813
0 0.365057 0.207813 0.133523 0.065625
0 0.842330 0.228906 0.110795 0.051562
0 0.085227 0.546875 0.159091 0.068750
0 0.403409 0.285937 0.153409 0.068750
0 0.251420 0.364844 0.144886 0.064062
0 0.653409 0.435156 0.147727 0.070313
0 0.521307 0.717969 0.150568 0.082812
0 0.595170 0.244531 0.133523 0.060937
0 0.876420 0.465625 0.144886 0.071875
0 0.105114 0.281250 0.142045 0.065625
0 0.437500 0.412500 0.153409 0.071875
0 0.840909 0.715625 0.136364 0.087500
0 0.815341 0.588281 0.125000 0.076563
0 0.491477 0.583594 0.153409 0.079687
0 0.238636 0.657812 0.164773 0.078125
0 0.512784 0.500000 0.167614 0.071875
0 0.238636 0.556250 0.159091 0.075000
0 0.157670 0.762500 0.150568 0.081250