0 0.321023 0.686719 0.142045 0.082812
0 0.640625 0.400781 0.139205 0.085938
1 0.051500 0.787012 0.103000 0.117774
0 0.267045 0.576563 0.159091 0.078125
1 0.082310 0.936463 0.155179 0.127074
0 0.779830 0.536719 0.116477 0.070313
0 0.806818 0.328125 0.136364 0.075000
0 0.640625 0.612500 0.122159 0.084375
0 0.214489 0.460938 0.178977 0.071875
0 0.384943 0.375000 0.139205 0.065625
0 0.622159 0.512500 0.136364 0.084375
0 0.136364 0.532812 0.187500 0.081250
0 0.559659 0.259375 0.147727 0.068750
0 0.923295 0.455469 0.125000 0.073438
0 0.153409 0.655469 0.164773 0.070313
0 0.060552 0.384068 0.121104 0.071124