0 0.103693 0.560938 0.150568 0.068750
0 0.072443 0.480469 0.139205 0.064062
0 0.707386 0.240625 0.130682 0.062500
0 0.053977 0.433594 0.107954 0.070313
0 0.870739 0.285937 0.127841 0.056250
0 0.894886 0.328906 0.130682 0.057813
0 0.387784 0.374219 0.150568 0.064062
0 0.491477 0.653125 0.164773 0.096875
0 0.086648 0.910937 0.173295 0.112500
0 0.242898 0.336719 0.144886 0.070313
0 0.791193 0.660937 0.139205 0.081250
0 0.767045 0.560156 0.142045 0.073438
0 0.426136 0.459375 0.159091 0.078125
0 0.562500 0.305469 0.142045 0.067187
0 0.940341 0.512500 0.119318 0.078125
0 0.606534 0.406250 0.139205 0.071875
0 0.467330 0.227344 0.144886 0.064062
0 0.187500 0.588281 0.164773 0.079687
0 0.579545 0.492188 0.147727 0.084375
0 0.083807 0.737500 0.156250 0.090625