0 0.062500 0.372656 0.119318 0.064062
0 0.088068 0.867969 0.176136 0.095312
0 0.171875 0.200000 0.150568 0.068750
0 0.227273 0.528906 0.153409 0.067187
0 0.964489 0.323438 0.071022 0.075000
0 0.649148 0.290625 0.122159 0.059375
0 0.227273 0.972656 0.125000 0.054688
0 0.585227 0.408594 0.130682 0.067187
0 0.678977 0.199219 0.113636 0.064062
0 0.818182 0.306250 0.119318 0.059375
0 0.873580 0.110156 0.105114 0.051562
0 0.315341 0.385156 0.125000 0.064062
0 0.713068 0.441406 0.130682 0.070313
0 0.845170 0.662500 0.139205 0.078125
0 0.149148 0.484375 0.150568 0.065625
0 0.417614 0.233594 0.142045 0.067187
0 0.728693 0.542969 0.133523 0.076563
0 0.271307 0.580469 0.144886 0.073438
0 0.308239 0.656250 0.122159 0.084375