0 0.044034 0.746094 0.088068 0.070313
0 0.234375 0.511719 0.144886 0.067187
0 0.961648 0.325781 0.076704 0.060937
0 0.974432 0.207031 0.051136 0.060937
0 0.173295 0.250000 0.142045 0.062500
0 0.478693 0.233594 0.127841 0.057813
0 0.899148 0.075781 0.099432 0.048438
0 0.573864 0.392188 0.119318 0.062500
0 0.853693 0.499219 0.133523 0.073438
0 0.714489 0.326562 0.110795 0.056250
0 0.467330 0.308594 0.133523 0.060937
0 0.683239 0.229687 0.110795 0.059375
0 0.919034 0.580469 0.122159 0.079687
0 0.745739 0.432031 0.116477 0.070313
0 0.086648 0.821094 0.161932 0.082812
0 0.279830 0.558594 0.127841 0.073438
0 0.423295 0.605469 0.119318 0.073438