0 0.975852 0.665625 0.048295 0.087500
0 0.311080 0.208594 0.105114 0.054688
0 0.428977 0.310937 0.142045 0.068750
0 0.090909 0.817187 0.170455 0.081250
0 0.180398 0.457031 0.110795 0.057813
0 0.961648 0.128906 0.076704 0.054688
0 0.562500 0.275781 0.119318 0.054688
0 0.052557 0.389062 0.105114 0.071875
0 0.167614 0.921094 0.159091 0.079687
0 0.742898 0.396094 0.116477 0.064062
0 0.853693 0.227344 0.122159 0.060937
0 0.593750 0.551562 0.136364 0.078125
0 0.651989 0.636719 0.127841 0.076563
0 0.754261 0.309375 0.127841 0.062500
0 0.539773 0.358594 0.142045 0.070313
0 0.383523 0.233594 0.136364 0.060937
0 0.840909 0.474219 0.125000 0.067187
0 0.937500 0.537500 0.119318 0.078125
0 0.142045 0.537500 0.153409 0.078125
0 0.265625 0.585938 0.144886 0.081250
0 0.663352 0.206250 0.110795 0.056250
0 0.406250 0.680469 0.147727 0.082812
0 0.491477 0.460938 0.159091 0.071875
0 0.144886 0.658594 0.164773 0.073438