0 0.071023 0.896875 0.136364 0.084375
0 0.375000 0.203906 0.107955 0.054688
0 0.052557 0.206250 0.099432 0.056250
0 0.930398 0.168750 0.110795 0.059375
0 0.048295 0.650781 0.096590 0.060937
0 0.438920 0.313281 0.127841 0.054688
0 0.544034 0.346094 0.133523 0.064062
0 0.542614 0.246875 0.130682 0.065625
0 0.099432 0.290625 0.113636 0.059375
0 0.654830 0.553906 0.144886 0.079687
0 0.882102 0.321875 0.122159 0.062500
0 0.950284 0.683594 0.099432 0.082812
0 0.755682 0.457031 0.136364 0.076563
0 0.785511 0.260156 0.122159 0.060937
0 0.896307 0.382031 0.116477 0.057813
0 0.333807 0.626562 0.127841 0.075000
0 0.423295 0.501562 0.142045 0.065625
0 0.208807 0.398438 0.139205 0.062500
0 0.464489 0.714844 0.133523 0.089063
0 0.082386 0.566406 0.153409 0.073438
0 0.215909 0.330469 0.147727 0.064062
0 0.328125 0.544531 0.156250 0.067187
0 0.481534 0.401563 0.127841 0.062500
0 0.828125 0.630469 0.127841 0.082812
0 0.144886 0.468750 0.159091 0.068750
0 0.923295 0.494531 0.136364 0.073438
0 0.133523 0.710938 0.159091 0.075000