0 0.069602 0.382031 0.139204 0.070313
1 0.366574 0.638743 0.176330 0.089986
0 0.650568 0.350000 0.142045 0.071875
0 0.673295 0.676562 0.119318 0.081250
0 0.092329 0.446875 0.161932 0.075000
0 0.640625 0.592969 0.133523 0.082812
0 0.063921 0.554688 0.122159 0.071875
0 0.596591 0.260938 0.119318 0.065625
0 0.698864 0.416406 0.153409 0.076563
0 0.419034 0.422656 0.156250 0.079687
0 0.794034 0.535937 0.122159 0.081250
0 0.840909 0.321094 0.130682 0.067187
0 0.454545 0.529688 0.164773 0.078125
0 0.396307 0.335938 0.156250 0.071875
1 0.165072 0.718587 0.160352 0.083926