0 0.019886 0.831250 0.039772 0.093750
0 0.975852 0.075000 0.048295 0.075000
0 0.105114 0.172656 0.142045 0.064062
0 0.968750 0.306250 0.062500 0.068750
0 0.137784 0.410156 0.167614 0.067187
0 0.586648 0.378906 0.133523 0.064062
0 0.492898 0.262500 0.144886 0.065625
0 0.934659 0.203906 0.107955 0.057813
0 0.159091 0.308594 0.147727 0.073438
0 0.708807 0.208594 0.110795 0.057813
0 0.600852 0.460938 0.127841 0.075000
0 0.629261 0.578906 0.127841 0.076563
0 0.268466 0.668750 0.150568 0.081250
0 0.910511 0.406250 0.139205 0.068750
0 0.375000 0.539062 0.147727 0.084375
0 0.738636 0.500781 0.125000 0.067187
0 0.943182 0.657031 0.113636 0.085938
0 0.149148 0.479688 0.156250 0.071875
0 0.068182 0.670313 0.136364 0.081250
0 0.673295 0.293750 0.130682 0.071875
0 0.134943 0.773438 0.173295 0.093750
0 0.509943 0.192969 0.139205 0.067187
0 0.363636 0.211875 0.136364 0.078750