0 0.048295 0.582031 0.090909 0.076563
0 0.482955 0.366406 0.159091 0.057813
0 0.893466 0.173438 0.099432 0.053125
0 0.656250 0.293750 0.113636 0.059375
0 0.049716 0.286719 0.099432 0.073438
0 0.713068 0.385938 0.136364 0.071875
0 0.747159 0.314844 0.130682 0.060937
0 0.500000 0.311719 0.142045 0.064062
0 0.754261 0.241406 0.110795 0.054688
0 0.784091 0.471094 0.142045 0.070313
0 0.703125 0.585156 0.133523 0.073438
0 0.188920 0.379687 0.139205 0.065625
0 0.312500 0.202344 0.125000 0.060937
0 0.717330 0.689062 0.122159 0.084375
0 0.348011 0.421875 0.161932 0.078125
0 0.579545 0.439844 0.142045 0.070313
0 0.315341 0.287500 0.159091 0.071875
0 0.411932 0.706250 0.142045 0.081250
0 0.113636 0.807031 0.153409 0.076563
0 0.421875 0.535937 0.167614 0.075000
0 0.166193 0.591406 0.173295 0.076563
0 0.112216 0.696094 0.196023 0.085938
0 0.383523 0.603125 0.153409 0.071875
0 0.484375 0.242969 0.144886 0.060937