0 0.029829 0.929688 0.059658 0.103125
0 0.024148 0.583594 0.048295 0.089063
0 0.963068 0.400781 0.073864 0.064062
0 0.705966 0.254687 0.110795 0.053125
0 0.044034 0.728125 0.088068 0.087500
0 0.045455 0.493750 0.090909 0.065625
0 0.471591 0.649219 0.119318 0.076563
0 0.298295 0.270312 0.136364 0.065625
0 0.964489 0.160156 0.071022 0.060937
0 0.917614 0.267188 0.119318 0.059375
0 0.836648 0.670313 0.127841 0.081250
0 0.401989 0.300781 0.127841 0.054688
0 0.678977 0.497656 0.125000 0.064062
0 0.882102 0.323438 0.122159 0.059375
0 0.759943 0.557813 0.127841 0.075000
0 0.539773 0.232812 0.119318 0.059375
0 0.606534 0.318750 0.127841 0.062500
0 0.187500 0.957812 0.170455 0.081250
0 0.178977 0.241406 0.113636 0.064062
0 0.856534 0.165625 0.105114 0.053125
0 0.375000 0.482812 0.147727 0.062500
0 0.379261 0.397656 0.144886 0.060937
0 0.616477 0.415625 0.125000 0.065625
0 0.132102 0.633594 0.144886 0.076563
0 0.248580 0.349219 0.150568 0.073438
0 0.396307 0.569531 0.156250 0.076563
0 0.250000 0.717969 0.147727 0.085938