0 0.069602 0.199219 0.127841 0.057813
0 0.178977 0.725781 0.136364 0.073438
0 0.045455 0.931250 0.090909 0.087500
0 0.058239 0.525781 0.116477 0.070313
0 0.180398 0.397656 0.127841 0.060937
0 0.968750 0.216406 0.062500 0.070313
0 0.539773 0.307031 0.153409 0.064062
0 0.184659 0.670313 0.159091 0.065625
0 0.687500 0.650000 0.130682 0.075000
0 0.359375 0.225781 0.144886 0.070313
0 0.901989 0.604688 0.127841 0.075000
0 0.950284 0.482031 0.099432 0.076563
0 0.829545 0.361719 0.130682 0.067187
0 0.710227 0.325781 0.125000 0.064062
0 0.562500 0.538281 0.136364 0.076563
0 0.610795 0.220313 0.125000 0.062500
0 0.782670 0.135156 0.110795 0.057813
0 0.561080 0.453125 0.139205 0.065625
0 0.424716 0.411719 0.150568 0.067187
0 0.085227 0.609375 0.159091 0.075000