0 0.970170 0.107031 0.059659 0.073438
0 0.973011 0.367969 0.053977 0.067187
0 0.281250 0.341406 0.136364 0.051562
0 0.028409 0.671875 0.056818 0.075000
0 0.590909 0.273438 0.119318 0.059375
0 0.065341 0.243750 0.113636 0.062500
0 0.768466 0.197656 0.110795 0.054688
0 0.779830 0.350000 0.133523 0.059375
0 0.176136 0.380469 0.153409 0.070313
0 0.664773 0.682031 0.119318 0.076563
0 0.535511 0.414062 0.144886 0.068750
0 0.796875 0.295312 0.127841 0.059375
0 0.961648 0.558594 0.076704 0.070313
0 0.613636 0.600781 0.136364 0.079687
0 0.241477 0.297656 0.130682 0.057813
0 0.832386 0.422656 0.130682 0.067187
0 0.911932 0.191406 0.119318 0.064062
0 0.946023 0.497656 0.107954 0.067187
0 0.552557 0.503125 0.139205 0.071875
0 0.490057 0.344531 0.127841 0.064062
0 0.213068 0.438281 0.147727 0.070313
0 0.241477 0.497656 0.164773 0.064062
0 0.265625 0.580469 0.150568 0.076563
0 0.426136 0.235938 0.130682 0.068750
0 0.299716 0.681250 0.144886 0.081250
0 0.235795 0.968750 0.153409 0.062500
0 0.137784 0.771094 0.144886 0.085938