0 0.112216 0.939062 0.184659 0.109375
0 0.850852 0.475781 0.133523 0.060937
0 0.950284 0.324219 0.099432 0.060937
0 0.759943 0.241406 0.110795 0.054688
0 0.474432 0.259375 0.125000 0.056250
0 0.049716 0.835156 0.099432 0.095312
0 0.759943 0.306250 0.122159 0.059375
0 0.394886 0.677344 0.159091 0.085938
0 0.893466 0.523438 0.127841 0.065625
0 0.169034 0.267188 0.144886 0.068750
0 0.613636 0.433594 0.142045 0.067187
0 0.177557 0.655469 0.178977 0.079687
0 0.605114 0.596094 0.142045 0.079687
0 0.678977 0.390625 0.136364 0.065625
0 0.598011 0.530469 0.150568 0.070313
0 0.467330 0.319531 0.110795 0.057813
0 0.201705 0.596875 0.164773 0.068750
0 0.205966 0.467187 0.161932 0.071875
0 0.326705 0.361719 0.142045 0.067187
0 0.943182 0.611719 0.107955 0.070313
1 0.677196 0.725636 0.154083 0.078390