0 0.978693 0.277344 0.042614 0.064062
0 0.078125 0.872656 0.150568 0.089063
0 0.046875 0.498437 0.093750 0.075000
0 0.049716 0.560938 0.099432 0.065625
0 0.041193 0.442187 0.082386 0.068750
0 0.887784 0.636719 0.144886 0.070313
0 0.762784 0.600781 0.139205 0.073438
0 0.651989 0.325781 0.127841 0.051562
0 0.441761 0.302344 0.133523 0.057813
0 0.647727 0.365625 0.142045 0.059375
0 0.747159 0.538281 0.136364 0.070313
0 0.634943 0.239844 0.110795 0.054688
0 0.328125 0.250781 0.127841 0.064062
0 0.079546 0.610937 0.153409 0.078125
0 0.403409 0.457031 0.147727 0.064062
0 0.485795 0.722656 0.130682 0.076563
0 0.917614 0.159375 0.107955 0.053125
0 0.213068 0.360938 0.147727 0.062500
0 0.724432 0.467187 0.153409 0.071875
0 0.119318 0.318750 0.142045 0.062500
0 0.393466 0.603125 0.139205 0.078125
0 0.876420 0.359375 0.133523 0.062500
0 0.801136 0.239063 0.119318 0.059375
0 0.393466 0.524219 0.150568 0.067187
0 0.355114 0.384375 0.142045 0.065625
0 0.100852 0.730469 0.156250 0.073438