0 0.017046 0.891406 0.034091 0.073438
0 0.471591 0.253906 0.142045 0.060937
0 0.971591 0.462500 0.056818 0.078125
0 0.176136 0.900000 0.147727 0.090625
0 0.835227 0.372656 0.119318 0.057813
0 0.326705 0.326562 0.142045 0.065625
0 0.417614 0.365625 0.147727 0.056250
0 0.872159 0.162500 0.102273 0.053125
0 0.688920 0.260156 0.133523 0.064062
0 0.487216 0.611719 0.133523 0.082812
0 0.669034 0.199219 0.127841 0.057813
0 0.909091 0.560156 0.119318 0.073438
0 0.825284 0.430469 0.127841 0.067187
0 0.181818 0.554688 0.153409 0.068750
0 0.605114 0.514063 0.142045 0.081250
0 0.298295 0.683594 0.142045 0.076563
0 0.105114 0.667969 0.147727 0.082812
0 0.866477 0.263281 0.142045 0.070313
0 0.421875 0.423438 0.150568 0.071875
0 0.178409 0.205000 0.179545 0.090000