0 0.017046 0.884375 0.034091 0.100000
0 0.264205 0.247656 0.130682 0.060937
0 0.311080 0.443750 0.139205 0.062500
0 0.968750 0.056250 0.062500 0.062500
0 0.839489 0.294531 0.110795 0.057813
0 0.578125 0.225781 0.133523 0.057813
0 0.687500 0.371094 0.119318 0.064062
0 0.750000 0.187500 0.119318 0.059375
0 0.910511 0.410937 0.133523 0.071875
0 0.609375 0.567187 0.116477 0.075000
0 0.571023 0.290625 0.130682 0.065625
0 0.451705 0.514063 0.119318 0.065625
0 0.130682 0.664062 0.142045 0.065625
0 0.177557 0.732031 0.144886 0.079687