0 0.017046 0.857031 0.034091 0.085938
0 0.342330 0.207031 0.144886 0.057813
0 0.970170 0.085938 0.059659 0.065625
0 0.974432 0.510156 0.051136 0.079687
0 0.100852 0.421875 0.173295 0.068750
0 0.127841 0.308594 0.147727 0.073438
0 0.068182 0.681250 0.136364 0.081250
0 0.444602 0.264844 0.150568 0.067187
0 0.559659 0.473437 0.136364 0.071875
0 0.678977 0.211719 0.119318 0.054688
0 0.553977 0.379687 0.130682 0.065625
0 0.893466 0.664844 0.133523 0.085938
0 0.865057 0.411719 0.127841 0.070313
0 0.318182 0.545313 0.153409 0.084375
0 0.247159 0.687500 0.153409 0.084375
0 0.583807 0.586719 0.133523 0.076563
0 0.681818 0.516406 0.136364 0.070313
0 0.102273 0.490625 0.159091 0.078125
0 0.491477 0.182812 0.142045 0.068750
0 0.937500 0.310156 0.125000 0.070313
0 0.896307 0.210938 0.116477 0.059375
0 0.110795 0.795313 0.170455 0.093750
0 0.666193 0.292969 0.127841 0.070313
0 0.117045 0.159375 0.193182 0.083750