0 0.039773 0.915625 0.079546 0.090625
0 0.286932 0.285937 0.113636 0.053125
0 0.042614 0.642187 0.085227 0.075000
0 0.764205 0.183594 0.119318 0.057813
0 0.957386 0.336719 0.085227 0.070313
0 0.390625 0.345313 0.133523 0.068750
0 0.776989 0.441406 0.127841 0.073438
0 0.086648 0.337500 0.139205 0.065625
0 0.616477 0.287500 0.125000 0.068750
0 0.053977 0.525000 0.107954 0.078125
0 0.264205 0.735937 0.164773 0.081250
0 0.545455 0.492188 0.153409 0.071875
0 0.761364 0.389062 0.125000 0.065625
0 0.322443 0.587500 0.156250 0.068750
0 0.796875 0.563281 0.127841 0.079687
0 0.546875 0.610937 0.133523 0.081250
0 0.921875 0.729688 0.144886 0.093750
0 0.394886 0.429688 0.142045 0.075000
0 0.330966 0.536719 0.156250 0.064062
0 0.065341 0.432813 0.125000 0.062500