0 0.688920 0.321875 0.127841 0.056250
0 0.042614 0.429688 0.085227 0.062500
0 0.943182 0.627344 0.113636 0.079687
0 0.357955 0.250781 0.130682 0.060937
0 0.142045 0.314063 0.136364 0.062500
0 0.811080 0.597656 0.127841 0.070313
0 0.670455 0.360938 0.136364 0.065625
0 0.532670 0.715625 0.133523 0.078125
0 0.079546 0.479688 0.147727 0.065625
0 0.927557 0.142188 0.105114 0.053125
0 0.473011 0.289844 0.139205 0.067187
0 0.798295 0.528906 0.130682 0.073438
0 0.221591 0.357812 0.136364 0.059375
0 0.750000 0.451562 0.136364 0.071875
0 0.823864 0.227344 0.119318 0.060937
0 0.659091 0.228906 0.113636 0.057813
0 0.376420 0.374219 0.139205 0.064062
0 0.113636 0.603125 0.164773 0.078125
0 0.431818 0.437500 0.147727 0.062500
0 0.903409 0.355469 0.136364 0.064062
0 0.072443 0.537500 0.144886 0.068750
0 0.438920 0.521094 0.156250 0.070313
0 0.431818 0.599219 0.153409 0.079687
0 0.134943 0.713281 0.161932 0.079687
0 0.075284 0.852344 0.150568 0.095312