0 0.019886 0.695312 0.039772 0.090625
0 0.984375 0.047656 0.031250 0.060937
0 0.022727 0.848437 0.045454 0.087500
0 0.291193 0.247656 0.133523 0.057813
0 0.961648 0.405469 0.076704 0.070313
0 0.894886 0.289844 0.107955 0.057813
0 0.605114 0.225000 0.119318 0.056250
0 0.203125 0.635156 0.133523 0.064062
0 0.589489 0.280469 0.122159 0.060937
0 0.505682 0.493750 0.130682 0.071875
0 0.782670 0.175000 0.110795 0.053125
0 0.738636 0.367969 0.119318 0.060937
0 0.683239 0.560938 0.110795 0.075000
0 0.224432 0.707812 0.147727 0.081250
0 0.198864 0.958125 0.184091 0.083750