1 0.757102 0.605469 0.156250 0.092188
1 0.855114 0.785937 0.136364 0.075000
0 0.245739 0.303125 0.139205 0.071875
0 0.194602 0.637500 0.156250 0.065625
0 0.139205 0.601562 0.147727 0.062500
0 0.518466 0.209375 0.139205 0.071875
0 0.875000 0.260156 0.130682 0.073438
0 0.901989 0.375000 0.133523 0.078125
0 0.062500 0.495313 0.125000 0.065625
0 0.634943 0.381250 0.127841 0.071875
0 0.308239 0.359375 0.150568 0.075000
1 0.532670 0.664844 0.139205 0.076563
0 0.718750 0.503906 0.130682 0.073438
0 0.379261 0.481250 0.150568 0.081250
0 0.619318 0.229687 0.142045 0.065625
0 0.092329 0.782031 0.161932 0.095312