1 0.341368 0.680180 0.154326 0.095306
0 0.278409 0.317187 0.136364 0.062500
0 0.171875 0.947656 0.196023 0.104687
0 0.785511 0.257031 0.127841 0.064062
0 0.870739 0.678125 0.139205 0.078125
0 0.684659 0.539844 0.142045 0.073438
0 0.553977 0.304688 0.136364 0.071875
1 0.526989 0.664062 0.150568 0.093750
0 0.264205 0.505469 0.159091 0.076563
0 0.294034 0.407813 0.150568 0.071875
0 0.900568 0.389062 0.142045 0.075000
0 0.595170 0.413281 0.150568 0.079687
0 0.879261 0.605469 0.127841 0.073438
0 0.740057 0.330469 0.139205 0.067187
1 0.157313 0.623281 0.212078 0.086771