0 0.048295 0.503906 0.096590 0.070313
0 0.053977 0.318750 0.102273 0.062500
0 0.068182 0.586719 0.136364 0.073438
0 0.142045 0.623438 0.181818 0.078125
0 0.126420 0.932031 0.173295 0.089063
0 0.832386 0.344531 0.125000 0.057813
0 0.701705 0.546094 0.130682 0.064062
0 0.678977 0.242969 0.125000 0.064062
0 0.447443 0.668750 0.161932 0.084375
0 0.373580 0.460938 0.161932 0.078125
0 0.822443 0.293750 0.127841 0.062500
0 0.542614 0.419531 0.153409 0.076563
0 0.343750 0.382031 0.159091 0.070313
0 0.177557 0.343750 0.161932 0.071875
0 0.875000 0.510938 0.130682 0.075000
0 0.501420 0.489844 0.144886 0.073438
0 0.065341 0.767187 0.130682 0.078125
0 0.514205 0.315625 0.142045 0.071875
0 0.725852 0.667188 0.144886 0.078125
0 0.428977 0.232031 0.147727 0.067187