0 0.829545 0.313281 0.142045 0.098437
0 0.982955 0.541406 0.034090 0.082812
0 0.970170 0.485156 0.059659 0.070313
0 0.376420 0.660937 0.122159 0.078125
0 0.798295 0.190625 0.119318 0.059375
0 0.336648 0.326562 0.122159 0.050000
0 0.532670 0.338281 0.127841 0.057813
0 0.048295 0.660937 0.096590 0.078125
0 0.717330 0.674219 0.127841 0.073438
0 0.093750 0.247656 0.130682 0.064062
0 0.845170 0.286719 0.133523 0.060937
0 0.937500 0.180469 0.107955 0.060937
0 0.626420 0.268750 0.116477 0.056250
0 0.593750 0.501562 0.142045 0.075000
0 0.569602 0.412500 0.139205 0.068750
0 0.883523 0.411719 0.136364 0.067187
0 0.673295 0.590625 0.136364 0.075000
0 0.288352 0.425781 0.144886 0.057813
0 0.815341 0.338281 0.136364 0.060937
0 0.285511 0.490625 0.156250 0.065625
0 0.267045 0.285937 0.136364 0.059375
0 0.211648 0.370313 0.144886 0.068750
0 0.463068 0.238281 0.130682 0.067187
0 0.217330 0.965625 0.167614 0.068750
0 0.323864 0.583594 0.153409 0.073438
0 0.166193 0.753906 0.156250 0.092188