0 0.217330 0.186719 0.110795 0.045312
0 0.960227 0.201562 0.079546 0.053125
0 0.519886 0.289062 0.136364 0.065625
0 0.553977 0.401563 0.147727 0.068750
0 0.866477 0.273438 0.119318 0.056250
0 0.451705 0.228906 0.125000 0.060937
0 0.803977 0.445312 0.130682 0.065625
0 0.650568 0.564844 0.142045 0.079687
0 0.953125 0.321094 0.093750 0.064062
0 0.224432 0.278125 0.142045 0.065625
0 0.321023 0.362500 0.153409 0.062500
0 0.946023 0.419531 0.107954 0.073438
0 0.207386 0.438281 0.159091 0.064062
0 0.678977 0.736719 0.130682 0.082812
0 0.670455 0.493750 0.147727 0.068750
0 0.221591 0.739062 0.136364 0.087500
0 0.046875 0.765625 0.093750 0.087500
0 0.650568 0.331250 0.142045 0.065625
0 0.200284 0.512500 0.173295 0.068750
0 0.693182 0.224219 0.119318 0.057813
0 0.401989 0.633594 0.167614 0.089063
0 0.387784 0.528125 0.161932 0.081250