0 0.063921 0.291406 0.116477 0.073438
0 0.420455 0.304688 0.119318 0.046875
0 0.595170 0.275781 0.116477 0.060937
0 0.965909 0.362500 0.068182 0.059375
0 0.569602 0.496094 0.150568 0.073438
0 0.946023 0.575000 0.107954 0.078125
0 0.056818 0.426562 0.113636 0.065625
0 0.630682 0.625781 0.125000 0.073438
0 0.590909 0.332812 0.125000 0.059375
0 0.728693 0.372656 0.122159 0.064062
0 0.607955 0.560156 0.142045 0.073438
0 0.745739 0.447656 0.144886 0.070313
0 0.835227 0.294531 0.113636 0.054688
0 0.879261 0.222656 0.110795 0.057813
0 0.393466 0.388281 0.127841 0.064062
0 0.306818 0.235156 0.130682 0.064062
0 0.292614 0.557813 0.147727 0.068750
0 0.312500 0.450000 0.153409 0.071875
0 0.934659 0.491406 0.125000 0.070313
0 0.285511 0.629687 0.156250 0.087500
0 0.778409 0.690625 0.119318 0.081250
1 0.407550 0.703390 0.177196 0.080508
0 0.197612 0.796610 0.181048 0.088983