0 0.653409 0.327344 0.113636 0.060937
0 0.926136 0.198437 0.113636 0.053125
0 0.073864 0.921094 0.147727 0.110937
0 0.954545 0.257031 0.090909 0.060937
0 0.576705 0.364062 0.125000 0.062500
0 0.958807 0.360156 0.082386 0.064062
0 0.840909 0.414844 0.119318 0.060937
0 0.196023 0.235938 0.130682 0.059375
0 0.125000 0.466406 0.153409 0.070313
0 0.666193 0.264844 0.122159 0.064062
0 0.194602 0.350000 0.133523 0.078125
0 0.515625 0.415625 0.127841 0.068750
0 0.930398 0.624219 0.127841 0.079687
0 0.644886 0.659375 0.142045 0.078125
0 0.521307 0.560156 0.139205 0.073438
0 0.147727 0.641406 0.159091 0.070313
0 0.069602 0.564844 0.139204 0.070313
0 0.750000 0.500000 0.125000 0.071875
0 0.399148 0.492969 0.156250 0.070313
0 0.125000 0.711719 0.176136 0.085938
0 0.363636 0.289844 0.136364 0.064062
1 0.706086 0.784958 0.134823 0.086864