0 0.164773 0.829687 0.142045 0.068750
0 0.975852 0.336719 0.048295 0.070313
0 0.159091 0.475000 0.125000 0.071875
0 0.215909 0.559375 0.164773 0.078125
0 0.927557 0.134375 0.105114 0.062500
0 0.599432 0.275781 0.119318 0.064062
0 0.154830 0.293750 0.139205 0.075000
0 0.517045 0.376563 0.159091 0.068750
0 0.973011 0.528125 0.053977 0.084375
0 0.470170 0.551562 0.122159 0.062500
0 0.103693 0.691406 0.150568 0.079687
0 0.463068 0.240625 0.136364 0.065625
0 0.747159 0.455469 0.125000 0.073438
0 0.468750 0.625000 0.136364 0.078125
0 0.691761 0.195312 0.116477 0.056250