0 0.947443 0.270312 0.093750 0.053125
0 0.919034 0.203906 0.116477 0.060937
0 0.498580 0.253125 0.127841 0.059375
0 0.221591 0.284375 0.136364 0.056250
0 0.052557 0.871094 0.105114 0.101562
0 0.464489 0.542969 0.144886 0.070313
0 0.065341 0.324219 0.119318 0.067187
0 0.845170 0.549219 0.122159 0.070313
0 0.561080 0.628125 0.139205 0.087500
0 0.401989 0.320312 0.139205 0.071875
0 0.696023 0.476562 0.130682 0.071875
0 0.664773 0.285156 0.136364 0.073438
0 0.812500 0.407813 0.125000 0.065625
0 0.366477 0.689062 0.142045 0.078125
0 0.951705 0.615625 0.096590 0.084375
0 0.123580 0.615625 0.161932 0.068750
0 0.950284 0.311719 0.099432 0.060937
0 0.123580 0.680469 0.167614 0.082812
0 0.535511 0.360156 0.127841 0.067187
0 0.403409 0.442969 0.142045 0.064062
0 0.191761 0.392969 0.144886 0.064062
0 0.156250 0.451562 0.147727 0.065625
0 0.186080 0.540625 0.156250 0.065625
1 0.704160 0.746822 0.130971 0.078390