0 0.441761 0.217969 0.105114 0.057813
0 0.629261 0.266406 0.116477 0.064062
0 0.542614 0.298438 0.125000 0.065625
0 0.326705 0.341406 0.136364 0.057813
0 0.109375 0.810156 0.184659 0.089063
0 0.392045 0.381250 0.142045 0.065625
0 0.940341 0.231250 0.107955 0.059375
0 0.250000 0.542188 0.170455 0.078125
0 0.687500 0.692969 0.113636 0.085938
0 0.703125 0.345313 0.133523 0.065625
0 0.659091 0.402344 0.119318 0.064062
0 0.606534 0.503906 0.144886 0.073438
0 0.333807 0.447656 0.161932 0.073438
0 0.886364 0.440625 0.147727 0.075000
0 0.227273 0.600781 0.164773 0.076563
0 0.160511 0.225000 0.139205 0.059375
0 0.526989 0.544531 0.156250 0.073438
0 0.842330 0.563281 0.133523 0.079687
0 0.359375 0.684375 0.150568 0.084375
0 0.563920 0.645312 0.127841 0.078125
0 0.161932 0.675000 0.147727 0.075000
0 0.065100 0.432203 0.130200 0.072034