0 0.870739 0.443750 0.133523 0.068750
0 0.674716 0.379687 0.133523 0.056250
0 0.678977 0.326562 0.142045 0.062500
0 0.904830 0.275000 0.116477 0.059375
0 0.963068 0.417188 0.073864 0.075000
0 0.553977 0.290625 0.130682 0.062500
0 0.697443 0.571875 0.139205 0.081250
0 0.718750 0.739062 0.136364 0.084375
0 0.461648 0.235938 0.127841 0.071875
0 0.701705 0.496875 0.147727 0.078125
0 0.565341 0.416406 0.159091 0.076563
0 0.248580 0.275781 0.139205 0.060937
0 0.339489 0.360938 0.150568 0.062500
0 0.079546 0.622656 0.159091 0.082812
0 0.438920 0.546875 0.173295 0.068750
0 0.725852 0.216406 0.110795 0.054688
0 0.247159 0.423438 0.147727 0.068750
0 0.235795 0.740625 0.147727 0.084375
0 0.471591 0.638281 0.147727 0.082812
0 0.225852 0.508594 0.156250 0.073438
0 0.065341 0.748438 0.130682 0.081250