1 0.076197 0.772507 0.146713 0.101264
0 0.538352 0.652344 0.122159 0.073438
0 0.558239 0.376563 0.161932 0.062500
1 0.229218 0.651464 0.202756 0.087304
0 0.551136 0.432813 0.176136 0.078125
0 0.659091 0.545313 0.130682 0.084375
0 0.894886 0.262500 0.142045 0.065625
0 0.480114 0.582812 0.147727 0.081250
0 0.457386 0.281250 0.136364 0.068750
0 0.714489 0.329688 0.127841 0.065625
0 0.291193 0.534375 0.190341 0.078125
0 0.259943 0.364844 0.156250 0.073438
0 0.268466 0.436719 0.167614 0.082812
0 0.930398 0.462500 0.139204 0.075000