0 0.924716 0.157031 0.116477 0.060937
0 0.977273 0.412500 0.045454 0.071875
0 0.052557 0.889063 0.105114 0.087500
0 0.975852 0.153906 0.048295 0.060937
0 0.046875 0.579687 0.093750 0.078125
0 0.453125 0.296094 0.116477 0.054688
0 0.644886 0.318750 0.130682 0.062500
0 0.178977 0.952344 0.170455 0.092188
0 0.889205 0.667969 0.125000 0.079687
0 0.950284 0.260156 0.099432 0.064062
0 0.173295 0.624219 0.142045 0.079687
0 0.325284 0.253125 0.144886 0.062500
0 0.529830 0.643750 0.122159 0.078125
0 0.062500 0.487500 0.125000 0.068750
0 0.409091 0.478906 0.159091 0.067187
0 0.576705 0.228125 0.119318 0.056250
0 0.644886 0.414844 0.130682 0.070313
0 0.882102 0.158594 0.105114 0.054688
0 0.748580 0.246094 0.116477 0.057813
0 0.066761 0.706250 0.133522 0.081250
0 0.211648 0.237500 0.122159 0.065625
0 0.431818 0.383594 0.136364 0.060937
0 0.803977 0.551562 0.125000 0.078125
0 0.323864 0.347656 0.136364 0.067187
0 0.934659 0.319531 0.119318 0.060937
0 0.288352 0.698438 0.150568 0.087500
0 0.720170 0.485156 0.127841 0.070313
0 0.464489 0.561719 0.144886 0.076563