0 0.190341 0.934375 0.159091 0.068750
0 0.056818 0.797656 0.113636 0.089063
0 0.632102 0.314063 0.105114 0.065625
0 0.954545 0.118750 0.090909 0.056250
0 0.921875 0.574219 0.133523 0.076563
0 0.901989 0.637500 0.116477 0.068750
0 0.512784 0.249219 0.110795 0.057813
0 0.056818 0.731250 0.113636 0.068750
0 0.414773 0.677344 0.136364 0.089063
0 0.741477 0.249219 0.096591 0.048438
0 0.579545 0.480469 0.113636 0.060937
0 0.230114 0.564062 0.125000 0.068750
0 0.944602 0.342187 0.105114 0.059375
0 0.443182 0.582031 0.119318 0.076563