0 0.495739 0.946875 0.127841 0.106250
0 0.637784 0.376563 0.139205 0.065625
0 0.967330 0.109375 0.065340 0.065625
0 0.265625 0.293750 0.144886 0.071875
0 0.413352 0.503125 0.161932 0.081250
0 0.186080 0.778906 0.122159 0.060937
0 0.909091 0.456250 0.125000 0.071875
0 0.275568 0.439844 0.130682 0.070313
0 0.642045 0.283594 0.125000 0.064062
0 0.767045 0.167969 0.113636 0.054688
0 0.625000 0.532812 0.125000 0.071875
0 0.565341 0.232812 0.136364 0.062500
0 0.227273 0.628906 0.147727 0.067187
0 0.647727 0.608594 0.130682 0.082812