0 0.715909 0.987500 0.164773 0.025000
0 0.089489 0.596875 0.150568 0.068750
0 0.085227 0.521875 0.147727 0.068750
0 0.051136 0.739062 0.096591 0.068750
0 0.363636 0.648438 0.130682 0.078125
0 0.599432 0.282813 0.113636 0.059375
0 0.872159 0.546094 0.125000 0.076563
0 0.657670 0.215625 0.122159 0.056250
0 0.880682 0.352344 0.119318 0.060937
0 0.338068 0.580469 0.119318 0.064062
0 0.434659 0.386719 0.153409 0.067187
0 0.650568 0.463281 0.125000 0.070313
0 0.375000 0.235156 0.136364 0.054688
0 0.875000 0.157031 0.107955 0.057813
0 0.111364 0.266875 0.150000 0.098750
0 0.148864 0.903125 0.179545 0.113750