0 0.045455 0.271094 0.090909 0.060937
0 0.495739 0.232031 0.122159 0.054688
0 0.261364 0.271094 0.125000 0.054688
0 0.122159 0.339063 0.153409 0.062500
0 0.090909 0.975000 0.153409 0.050000
0 0.259943 0.364844 0.144886 0.064062
0 0.086648 0.731250 0.167614 0.075000
0 0.566761 0.350000 0.139205 0.062500
0 0.082386 0.484375 0.153409 0.068750
0 0.737216 0.250000 0.116477 0.056250
0 0.651989 0.408594 0.167614 0.082812
0 0.946023 0.414062 0.107954 0.071875
0 0.365057 0.376563 0.139205 0.065625
0 0.782670 0.563281 0.133523 0.085938
0 0.794034 0.327344 0.133523 0.070313
0 0.808239 0.479688 0.122159 0.065625
0 0.839489 0.692187 0.133523 0.087500
0 0.089489 0.669531 0.161932 0.064062
0 0.471591 0.542969 0.153409 0.079687
0 0.437500 0.285156 0.142045 0.064062
0 0.529830 0.469531 0.156250 0.070313
0 0.413352 0.645312 0.139205 0.087500
0 0.308239 0.460938 0.156250 0.071875
0 0.183239 0.560156 0.161932 0.073438