0 0.044034 0.321875 0.088068 0.065625
0 0.865057 0.286719 0.110795 0.054688
0 0.052557 0.746094 0.105114 0.095312
0 0.065341 0.459375 0.125000 0.068750
0 0.967330 0.464844 0.065340 0.073438
0 0.752841 0.545313 0.130682 0.065625
0 0.877841 0.618750 0.130682 0.081250
0 0.640625 0.471875 0.127841 0.068750
0 0.872159 0.334375 0.119318 0.062500
0 0.065341 0.667969 0.130682 0.067187
0 0.137784 0.282813 0.133523 0.056250
0 0.752841 0.418750 0.125000 0.068750
0 0.454545 0.625000 0.136364 0.084375
0 0.428977 0.256250 0.130682 0.062500
0 0.373580 0.556250 0.150568 0.071875
0 0.441761 0.377344 0.139205 0.064062
0 0.872159 0.220313 0.119318 0.059375
0 0.103693 0.407031 0.144886 0.064062
0 0.289773 0.709375 0.142045 0.068750
0 0.375000 0.328906 0.142045 0.067187
0 0.602273 0.283594 0.125000 0.067187
0 0.075284 0.582812 0.150568 0.071875
0 0.322443 0.460156 0.144886 0.070313
1 0.663713 0.760593 0.157935 0.063559