0 0.715909 0.987500 0.170455 0.025000
0 0.051136 0.639844 0.102272 0.089063
0 0.960227 0.289844 0.079546 0.051562
0 0.029829 0.775000 0.059658 0.075000
0 0.282670 0.589844 0.127841 0.064062
0 0.606534 0.279687 0.116477 0.059375
0 0.643466 0.225781 0.122159 0.057813
0 0.848011 0.162500 0.105114 0.056250
0 0.828125 0.357812 0.116477 0.059375
0 0.413352 0.398438 0.144886 0.068750
0 0.349432 0.237500 0.130682 0.059375
0 0.806818 0.554688 0.113636 0.075000
0 0.598011 0.466406 0.139205 0.073438
0 0.312500 0.664844 0.142045 0.082812
0 0.077273 0.543125 0.131818 0.086250
0 0.145455 0.914375 0.122727 0.103750