0 0.164773 0.268750 0.119318 0.065625
0 0.316761 0.669531 0.116477 0.064062
0 0.544034 0.551562 0.122159 0.068750
0 0.860795 0.352344 0.136364 0.067187
0 0.747159 0.470313 0.142045 0.068750
0 0.434659 0.263281 0.125000 0.054688
0 0.718750 0.225000 0.107955 0.056250
0 0.504261 0.412500 0.144886 0.071875
0 0.924716 0.521875 0.122159 0.068750
0 0.901989 0.105469 0.099432 0.051562
0 0.642045 0.311719 0.125000 0.070313
0 0.928977 0.596875 0.125000 0.075000
0 0.149148 0.562500 0.127841 0.071875
0 0.039773 0.739844 0.079546 0.082812
0 0.109375 0.855469 0.161932 0.079687