1 0.072318 0.806274 0.138954 0.121924
1 0.178424 0.682456 0.175029 0.099288
0 0.200284 0.371875 0.144886 0.075000
0 0.403409 0.299219 0.136364 0.064062
0 0.508523 0.674219 0.130682 0.079687
0 0.509943 0.383594 0.161932 0.067187
0 0.423295 0.582031 0.142045 0.076563
0 0.482955 0.441406 0.164773 0.076563
0 0.917614 0.390625 0.136364 0.075000
0 0.839489 0.261719 0.133523 0.070313
0 0.877841 0.460156 0.142045 0.079687
0 0.201705 0.455469 0.159091 0.076563
0 0.671875 0.335156 0.127841 0.073438
0 0.230114 0.558594 0.181818 0.076563
0 0.566761 0.553125 0.144886 0.068750