0 0.296875 0.297656 0.110795 0.048438
0 0.583807 0.297656 0.122159 0.064062
0 0.649148 0.264844 0.127841 0.064062
0 0.353693 0.339063 0.144886 0.062500
0 0.710227 0.401563 0.125000 0.059375
0 0.430398 0.228906 0.116477 0.060937
0 0.431818 0.379687 0.142045 0.062500
0 0.734375 0.699219 0.116477 0.085938
0 0.088068 0.428906 0.136364 0.060937
0 0.178977 0.232031 0.142045 0.060937
0 0.748580 0.350781 0.133523 0.064062
0 0.654830 0.510156 0.133523 0.073438
0 0.292614 0.536719 0.164773 0.076563
0 0.289773 0.603906 0.159091 0.076563
0 0.571023 0.546875 0.153409 0.075000
0 0.903409 0.560156 0.130682 0.079687
0 0.157670 0.797656 0.161932 0.089063
0 0.936080 0.432813 0.127840 0.075000
0 0.393466 0.439063 0.161932 0.071875
0 0.426136 0.677344 0.136364 0.082812
0 0.622159 0.644531 0.119318 0.076563
0 0.237216 0.658594 0.144886 0.076563