0 0.948864 0.133594 0.096591 0.064062
0 0.507102 0.248437 0.122159 0.050000
0 0.170455 0.292969 0.130682 0.054688
0 0.241477 0.595312 0.164773 0.068750
0 0.590909 0.675781 0.130682 0.089063
0 0.448864 0.455469 0.164773 0.076563
0 0.072443 0.405469 0.144886 0.064062
0 0.142045 0.440625 0.164773 0.068750
0 0.576705 0.253906 0.130682 0.054688
0 0.737216 0.405469 0.150568 0.073438
0 0.636364 0.307813 0.142045 0.065625
0 0.643466 0.562500 0.144886 0.081250
0 0.301136 0.520312 0.170455 0.071875
0 0.892045 0.284375 0.130682 0.071875
0 0.890625 0.523438 0.144886 0.071875
0 0.588068 0.478125 0.147727 0.071875
0 0.923295 0.610937 0.142045 0.081250
0 0.065341 0.532031 0.130682 0.073438
0 0.380682 0.387500 0.136364 0.062500
0 0.321023 0.310937 0.142045 0.062500
0 0.164773 0.685938 0.164773 0.078125