0 0.122159 0.292188 0.125000 0.053125
0 0.896307 0.149219 0.122159 0.054688
0 0.950284 0.392188 0.099432 0.062500
0 0.792614 0.292188 0.130682 0.068750
0 0.321023 0.478125 0.159091 0.081250
0 0.244318 0.329688 0.136364 0.062500
0 0.776989 0.517969 0.150568 0.073438
0 0.579545 0.325000 0.142045 0.062500
0 0.069602 0.467187 0.139204 0.068750
0 0.507102 0.276563 0.133523 0.062500
0 0.627841 0.404687 0.142045 0.068750
0 0.940341 0.441406 0.119318 0.073438
0 0.825284 0.628125 0.133523 0.081250
0 0.468750 0.694531 0.142045 0.092188
0 0.542614 0.563281 0.147727 0.076563
0 0.197443 0.568750 0.156250 0.071875
0 0.258523 0.392969 0.136364 0.064062
0 0.150568 0.662500 0.170455 0.078125
0 0.065341 0.755469 0.130682 0.082812
0 0.495739 0.489062 0.156250 0.075000