0 0.974432 0.410156 0.051136 0.070313
0 0.086648 0.445312 0.127841 0.062500
0 0.961648 0.131250 0.076704 0.068750
0 0.140625 0.645312 0.133523 0.078125
0 0.251420 0.444531 0.139205 0.064062
0 0.463068 0.321875 0.147727 0.062500
0 0.296875 0.222656 0.139205 0.064062
0 0.616477 0.346094 0.136364 0.060937
0 0.525568 0.654688 0.125000 0.071875
0 0.727273 0.605469 0.125000 0.079687
0 0.542614 0.244531 0.136364 0.064062
0 0.808239 0.487500 0.127841 0.078125
0 0.680398 0.390625 0.139205 0.071875
0 0.856534 0.255469 0.122159 0.064062
0 0.751420 0.175781 0.127841 0.064062
0 0.407670 0.489844 0.144886 0.070313
0 0.350852 0.560156 0.139205 0.073438
0 0.132102 0.834375 0.144886 0.084375
0 0.086648 0.759375 0.144886 0.081250