0 0.098011 0.258594 0.110795 0.057813
0 0.227273 0.972656 0.147727 0.054688
0 0.974432 0.172656 0.051136 0.064062
0 0.961648 0.354688 0.076704 0.062500
0 0.383523 0.363281 0.142045 0.064062
0 0.822443 0.451562 0.133523 0.068750
0 0.031250 0.655469 0.062500 0.085938
0 0.042614 0.568750 0.085227 0.068750
0 0.171875 0.339844 0.139205 0.060937
0 0.083807 0.382031 0.127841 0.054688
0 0.528409 0.288281 0.125000 0.070313
0 0.078125 0.437500 0.139205 0.068750
0 0.362216 0.545313 0.161932 0.059375
0 0.359375 0.278906 0.133523 0.060937
0 0.654830 0.239063 0.116477 0.059375
0 0.717330 0.341406 0.116477 0.064062
0 0.821023 0.613281 0.119318 0.085938
0 0.551136 0.662500 0.136364 0.081250
0 0.375000 0.405469 0.142045 0.064062
0 0.691761 0.553906 0.133523 0.070313
0 0.376420 0.594531 0.133523 0.070313
0 0.849432 0.271875 0.125000 0.062500
0 0.458807 0.482031 0.150568 0.070313
0 0.613636 0.414062 0.130682 0.068750
0 0.169034 0.732031 0.150568 0.079687