0 0.019886 0.910937 0.039772 0.084375
0 0.774148 0.379687 0.122159 0.056250
0 0.647727 0.260156 0.136364 0.064062
0 0.644886 0.217187 0.125000 0.065625
0 0.440341 0.250781 0.136364 0.060937
0 0.362216 0.368750 0.144886 0.062500
0 0.838068 0.169531 0.107955 0.057813
0 0.838068 0.563281 0.119318 0.073438
0 0.291193 0.327344 0.144886 0.067187
0 0.430398 0.621094 0.127841 0.079687
0 0.130682 0.571094 0.153409 0.070313
0 0.768466 0.436719 0.122159 0.067187
0 0.556818 0.514844 0.142045 0.082812
0 0.809659 0.292188 0.136364 0.071875
0 0.258523 0.699219 0.142045 0.076563
0 0.938920 0.466406 0.116477 0.067187
0 0.370739 0.429688 0.139205 0.071875
0 0.079546 0.703906 0.142045 0.089063
0 0.153409 0.208125 0.170455 0.076250