0 0.782670 0.265625 0.133523 0.068750
0 0.342330 0.591406 0.150568 0.079687
1 0.159428 0.700157 0.176811 0.106562
0 0.478693 0.682813 0.139205 0.081250
0 0.135006 0.393393 0.179103 0.074285
0 0.475852 0.389844 0.150568 0.073438
0 0.852273 0.397656 0.147727 0.079687
0 0.315341 0.310156 0.136364 0.064062
0 0.910511 0.570312 0.127841 0.075000
0 0.404830 0.443750 0.178977 0.084375
0 0.806818 0.471875 0.147727 0.078125
0 0.508523 0.546875 0.153409 0.081250
0 0.615057 0.335156 0.139205 0.070313
0 0.112216 0.469531 0.167614 0.079687
0 0.167614 0.578906 0.181818 0.079687
1 0.071964 0.943575 0.139661 0.112850
1 0.069604 0.830251 0.139208 0.105263