0 0.342330 0.553125 0.150568 0.065625
0 0.210227 0.585156 0.164773 0.067187
1 0.828125 0.685156 0.156250 0.092188
0 0.796875 0.232031 0.127841 0.057813
0 0.626420 0.205469 0.122159 0.054688
0 0.903409 0.466406 0.136364 0.070313
0 0.386364 0.293750 0.125000 0.062500
0 0.757102 0.373437 0.133523 0.075000
0 0.400568 0.587500 0.153409 0.084375
0 0.198864 0.703125 0.164773 0.087500
0 0.565341 0.473437 0.147727 0.078125
0 0.468750 0.332031 0.142045 0.073438
0 0.119318 0.392969 0.147727 0.076563
0 0.122159 0.792969 0.159091 0.092188
0 0.301136 0.444531 0.153409 0.070313