0 0.935959 0.286520 0.121918 0.066790
0 0.555398 0.289062 0.116477 0.059375
0 0.644886 0.393750 0.159091 0.068750
0 0.811080 0.203125 0.116477 0.053125
0 0.413352 0.318750 0.150568 0.059375
0 0.586648 0.597656 0.133523 0.073438
0 0.708807 0.321094 0.127841 0.060937
0 0.899148 0.351562 0.122159 0.059375
0 0.588068 0.667969 0.136364 0.079687
0 0.424716 0.373437 0.150568 0.053125
0 0.329545 0.553906 0.159091 0.064062
0 0.061080 0.750000 0.122159 0.093750
0 0.884943 0.405469 0.133523 0.057813
0 0.093750 0.402344 0.159091 0.070313
0 0.693182 0.465625 0.153409 0.078125
0 0.920455 0.513281 0.130682 0.073438
0 0.235795 0.300781 0.147727 0.064062
0 0.291193 0.611719 0.161932 0.076563
0 0.345170 0.720312 0.139205 0.075000
0 0.281250 0.437500 0.153409 0.075000
0 0.262784 0.214062 0.133523 0.059375
0 0.651989 0.231250 0.116477 0.056250
0 0.473011 0.444531 0.150568 0.073438
0 0.071023 0.881250 0.142045 0.087500
0 0.083807 0.631250 0.167614 0.078125
0 0.392045 0.246094 0.136364 0.060937