0 0.024148 0.963281 0.048295 0.073438
0 0.026989 0.778906 0.053977 0.098437
0 0.958807 0.401563 0.082386 0.068750
0 0.971591 0.645312 0.056818 0.090625
0 0.102273 0.178125 0.130682 0.059375
0 0.630682 0.380469 0.130682 0.060937
0 0.201705 0.392188 0.159091 0.068750
0 0.525568 0.256250 0.153409 0.062500
0 0.674716 0.573438 0.139205 0.081250
0 0.053977 0.643750 0.107954 0.093750
0 0.642045 0.446094 0.130682 0.070313
0 0.191761 0.311719 0.144886 0.073438
0 0.954545 0.195312 0.090909 0.062500
0 0.295455 0.652344 0.147727 0.085938
0 0.532670 0.203125 0.139205 0.062500
0 0.205966 0.467187 0.156250 0.078125
0 0.776989 0.491406 0.127841 0.070313
0 0.741477 0.196094 0.107955 0.054688
0 0.420455 0.532812 0.153409 0.084375
0 0.686080 0.282031 0.139205 0.073438
0 0.156250 0.757812 0.164773 0.090625
0 0.367045 0.219375 0.156818 0.066250