1 0.428977 0.596875 0.147727 0.090625
1 0.849432 0.762500 0.153409 0.106250
0 0.467330 0.251563 0.156250 0.065625
0 0.731534 0.267969 0.144886 0.076563
0 0.546875 0.506250 0.144886 0.078125
0 0.147727 0.401563 0.153409 0.068750
0 0.204545 0.937675 0.176136 0.115275
0 0.870739 0.296875 0.133523 0.075000
0 0.113636 0.335156 0.147727 0.070313
0 0.928977 0.495313 0.136364 0.075000
0 0.167614 0.506250 0.164773 0.078125
0 0.518466 0.380469 0.150568 0.079687
1 0.315341 0.657031 0.147727 0.089063
0 0.761364 0.403125 0.142045 0.075000
1 0.660352 0.739924 0.131902 0.069701