0 0.183239 0.209375 0.133523 0.062500
0 0.298295 0.437500 0.119318 0.059375
0 0.180398 0.875781 0.156250 0.073438
0 0.953125 0.196875 0.093750 0.059375
0 0.951705 0.457812 0.096590 0.068750
0 0.650568 0.256250 0.119318 0.056250
0 0.855114 0.378125 0.130682 0.065625
0 0.876420 0.278125 0.127841 0.062500
0 0.782670 0.610156 0.116477 0.076563
0 0.379261 0.564062 0.139205 0.078125
0 0.582386 0.435937 0.130682 0.068750
0 0.478693 0.296875 0.144886 0.075000
0 0.659091 0.346094 0.130682 0.067187
0 0.774148 0.187500 0.110795 0.056250
0 0.701705 0.537500 0.125000 0.075000
0 0.252841 0.521094 0.147727 0.076563
0 0.558239 0.683594 0.122159 0.079687
0 0.059659 0.630469 0.119318 0.064062
0 0.144886 0.354688 0.142045 0.065625
0 0.134943 0.783594 0.161932 0.082812
0 0.241477 0.628906 0.147727 0.073438
0 0.441761 0.209375 0.139205 0.065625
0 0.393182 0.188125 0.154545 0.068750