0 0.227273 0.298438 0.125000 0.053125
0 0.856534 0.226562 0.116477 0.053125
0 0.502841 0.552344 0.130682 0.079687
0 0.610795 0.440625 0.147727 0.075000
0 0.880682 0.466406 0.142045 0.070313
0 0.582386 0.370313 0.136364 0.068750
0 0.887784 0.414844 0.144886 0.064062
0 0.170455 0.484375 0.153409 0.071875
0 0.213068 0.398438 0.147727 0.065625
0 0.758523 0.318750 0.142045 0.068750
0 0.428977 0.302344 0.130682 0.067187
0 0.265625 0.646094 0.144886 0.079687
0 0.309659 0.491406 0.159091 0.073438
0 0.693182 0.690625 0.136364 0.093750
0 0.625000 0.210938 0.119318 0.059375
0 0.061080 0.660937 0.122159 0.071875
0 0.112216 0.592969 0.161932 0.070313
0 0.116477 0.804688 0.187500 0.096875