0 0.073864 0.575000 0.142045 0.065625
0 0.973011 0.389062 0.053977 0.075000
0 0.539773 0.448438 0.136364 0.068750
0 0.838068 0.242188 0.113636 0.053125
0 0.776989 0.116406 0.099432 0.048438
0 0.353693 0.228125 0.144886 0.062500
0 0.319602 0.328125 0.139205 0.065625
0 0.833807 0.360938 0.122159 0.062500
0 0.669034 0.599219 0.116477 0.079687
0 0.556818 0.342187 0.125000 0.065625
0 0.585227 0.254687 0.125000 0.062500
0 0.630682 0.519531 0.130682 0.076563
0 0.377841 0.420312 0.136364 0.062500
0 0.213068 0.686719 0.142045 0.076563
0 0.085227 0.657031 0.136364 0.070313
0 0.166193 0.943750 0.178977 0.112500
0 0.064773 0.251250 0.129545 0.062500