0 0.978693 0.448438 0.042614 0.071875
0 0.176136 0.859375 0.147727 0.068750
0 0.970170 0.186719 0.059659 0.064062
0 0.816761 0.174219 0.110795 0.054688
0 0.911932 0.371094 0.125000 0.067187
0 0.937500 0.276563 0.119318 0.062500
0 0.843750 0.604688 0.113636 0.075000
0 0.701705 0.257812 0.119318 0.053125
0 0.532670 0.300781 0.144886 0.070313
0 0.441761 0.562500 0.139205 0.078125
0 0.701705 0.337500 0.142045 0.065625
0 0.619318 0.682031 0.119318 0.076563
0 0.335227 0.428125 0.130682 0.062500
0 0.764205 0.532812 0.130682 0.075000
0 0.605114 0.428906 0.142045 0.076563
0 0.286932 0.620313 0.159091 0.081250
0 0.498580 0.214844 0.144886 0.070313
0 0.292614 0.511719 0.159091 0.079687
0 0.205966 0.339844 0.156250 0.070313
0 0.149148 0.760938 0.156250 0.084375
0 0.095171 0.618750 0.161932 0.084375
0 0.425000 0.173750 0.168182 0.080000
0 0.056818 0.173750 0.113636 0.090000
0 0.214773 0.220000 0.147727 0.067500