0 0.434659 0.305469 0.102273 0.045312
0 0.960227 0.273438 0.079546 0.056250
0 0.059659 0.702344 0.119318 0.070313
0 0.955966 0.192969 0.088068 0.064062
0 0.066761 0.641406 0.133522 0.070313
0 0.129261 0.285937 0.133523 0.071875
0 0.396307 0.239063 0.127841 0.056250
0 0.721591 0.492969 0.142045 0.070313
0 0.762784 0.551562 0.133523 0.065625
0 0.681818 0.262500 0.113636 0.056250
0 0.920455 0.433594 0.125000 0.060937
0 0.197443 0.388281 0.139205 0.064062
0 0.698864 0.317969 0.130682 0.060937
0 0.555398 0.396875 0.127841 0.065625
0 0.465909 0.548437 0.147727 0.065625
0 0.465909 0.614844 0.147727 0.085938
0 0.850852 0.346875 0.122159 0.065625
0 0.788352 0.622656 0.116477 0.070313
0 0.470170 0.439063 0.150568 0.068750
0 0.079546 0.517969 0.153409 0.070313
0 0.944602 0.666406 0.110795 0.076563
0 0.178977 0.719531 0.176136 0.079687
1 0.567411 0.713983 0.165639 0.088983