0 0.042614 0.605469 0.085227 0.082812
0 0.617898 0.330469 0.127841 0.060937
0 0.359375 0.500781 0.156250 0.070313
0 0.596591 0.660156 0.159091 0.079687
0 0.068182 0.478125 0.136364 0.068750
0 0.860795 0.621094 0.136364 0.085938
0 0.531250 0.371094 0.125000 0.067187
0 0.910511 0.369531 0.127841 0.064062
0 0.468750 0.571094 0.142045 0.073438
0 0.896307 0.206250 0.122159 0.059375
0 0.792614 0.417188 0.125000 0.065625
0 0.914773 0.261719 0.113636 0.057813
0 0.150568 0.348437 0.136364 0.078125
0 0.448864 0.419531 0.130682 0.067187
0 0.156250 0.232812 0.130682 0.065625
0 0.636364 0.266406 0.113636 0.060937
0 0.714489 0.503906 0.122159 0.073438
0 0.105114 0.658594 0.153409 0.073438
0 0.328125 0.295312 0.133523 0.068750
0 0.117898 0.737500 0.178977 0.081250
1 0.694530 0.776483 0.165639 0.078390