0 0.018466 0.690625 0.036932 0.090625
0 0.978693 0.653906 0.042614 0.070313
0 0.235795 0.975000 0.147727 0.050000
0 0.049716 0.246094 0.099432 0.054688
0 0.544034 0.603125 0.139205 0.078125
0 0.752841 0.305469 0.130682 0.057813
0 0.259943 0.347656 0.133523 0.060937
0 0.953125 0.118750 0.093750 0.059375
0 0.734375 0.353125 0.133523 0.059375
0 0.555398 0.272656 0.127841 0.070313
0 0.444602 0.351562 0.139205 0.065625
0 0.127841 0.400781 0.153409 0.060937
0 0.734375 0.210938 0.110795 0.056250
0 0.634943 0.693750 0.122159 0.071875
0 0.798295 0.431250 0.136364 0.065625
0 0.892045 0.203125 0.113636 0.059375
0 0.924716 0.572656 0.133523 0.067187
0 0.505682 0.418750 0.147727 0.065625
0 0.201705 0.303906 0.142045 0.060937
0 0.224432 0.577344 0.170455 0.076563
0 0.948864 0.368750 0.102272 0.062500
0 0.896307 0.510938 0.127841 0.068750
0 0.190341 0.512500 0.153409 0.065625
0 0.406250 0.242188 0.130682 0.062500
0 0.169034 0.442969 0.156250 0.064062
0 0.242898 0.680469 0.139205 0.082812
0 0.515625 0.507031 0.144886 0.073438
0 0.120739 0.784375 0.144886 0.084375