0 0.015625 0.960156 0.031250 0.079687
0 0.205966 0.250000 0.139205 0.065625
0 0.923295 0.070313 0.102273 0.053125
0 0.971591 0.582812 0.056818 0.081250
0 0.055398 0.717969 0.110795 0.070313
0 0.252841 0.495313 0.147727 0.065625
0 0.504261 0.228125 0.133523 0.059375
0 0.713068 0.216406 0.107955 0.057813
0 0.792614 0.421094 0.125000 0.067187
0 0.754261 0.318750 0.116477 0.056250
0 0.509943 0.298438 0.139205 0.065625
0 0.607955 0.381250 0.125000 0.062500
0 0.920455 0.485938 0.136364 0.078125
0 0.332386 0.536719 0.125000 0.070313
0 0.480114 0.591406 0.119318 0.073438
0 0.105114 0.791406 0.159091 0.082812