0 0.106534 0.935156 0.161932 0.101562
0 0.507102 0.681250 0.178977 0.087500
0 0.053977 0.229687 0.102273 0.056250
0 0.687500 0.425000 0.142045 0.065625
0 0.532670 0.332812 0.105114 0.053125
0 0.771307 0.396875 0.122159 0.065625
0 0.801136 0.232812 0.113636 0.050000
0 0.061079 0.333594 0.110795 0.079687
0 0.548295 0.274219 0.119318 0.060937
0 0.951705 0.513281 0.096590 0.073438
0 0.714489 0.591406 0.139205 0.082812
0 0.930398 0.460938 0.139204 0.068750
0 0.315341 0.449219 0.159091 0.076563
0 0.092329 0.789062 0.178977 0.106250
0 0.818182 0.287500 0.119318 0.059375
0 0.414773 0.360938 0.136364 0.068750
0 0.649148 0.528906 0.133523 0.076563
0 0.203125 0.282031 0.133523 0.064062
0 0.302557 0.621094 0.156250 0.076563
0 0.251420 0.554688 0.156250 0.075000
1 0.681048 0.744703 0.138675 0.069915