0 0.046875 0.697656 0.093750 0.073438
0 0.186080 0.973437 0.178977 0.053125
0 0.403409 0.351562 0.136364 0.056250
0 0.346591 0.299219 0.107955 0.054688
0 0.197443 0.789062 0.144886 0.084375
0 0.656250 0.307031 0.130682 0.064062
0 0.517045 0.375000 0.136364 0.062500
0 0.670455 0.578906 0.147727 0.073438
0 0.373580 0.532031 0.161932 0.076563
0 0.782670 0.384375 0.122159 0.059375
0 0.731534 0.257812 0.110795 0.059375
0 0.855114 0.696875 0.119318 0.084375
0 0.735795 0.635938 0.119318 0.075000
0 0.208807 0.228125 0.144886 0.062500
0 0.386364 0.595312 0.159091 0.071875
0 0.822443 0.332031 0.127841 0.060937
0 0.430398 0.236719 0.122159 0.067187
0 0.721591 0.518750 0.136364 0.071875
0 0.178977 0.405469 0.153409 0.064062
0 0.088068 0.509375 0.159091 0.071875
0 0.494318 0.435156 0.159091 0.073438
0 0.370739 0.645312 0.139205 0.065625
0 0.071023 0.618750 0.142045 0.071875
0 0.535511 0.683594 0.139205 0.085938
1 0.109014 0.746822 0.165639 0.103814