0 0.981534 0.673437 0.036932 0.081250
0 0.251420 0.212500 0.122159 0.059375
0 0.015625 0.747656 0.031250 0.070313
0 0.180398 0.969531 0.133523 0.060937
0 0.954545 0.092969 0.090909 0.057813
0 0.455966 0.548437 0.127841 0.075000
0 0.714489 0.162500 0.105114 0.059375
0 0.228693 0.449219 0.144886 0.064062
0 0.849432 0.414844 0.119318 0.067187
0 0.487216 0.628906 0.110795 0.070313
0 0.427557 0.363281 0.116477 0.060937
0 0.178977 0.342969 0.142045 0.064062
0 0.907670 0.540625 0.127841 0.075000
0 0.707386 0.377344 0.125000 0.064062
0 0.920455 0.267969 0.113636 0.057813
0 0.734375 0.272656 0.116477 0.057813
0 0.478693 0.256250 0.133523 0.068750
0 0.103693 0.774219 0.150568 0.073438
0 0.377841 0.468750 0.136364 0.071875