0 0.318182 0.246875 0.136364 0.065625
0 0.238636 0.941406 0.164773 0.089063
1 0.571023 0.725781 0.125000 0.082812
1 0.319602 0.592969 0.167614 0.095312
1 0.247159 0.661719 0.153409 0.076563
0 0.953125 0.238281 0.093750 0.064062
0 0.688920 0.276563 0.139205 0.075000
1 0.731534 0.736719 0.156250 0.101562
0 0.433239 0.263281 0.133523 0.060937
0 0.723011 0.403125 0.139205 0.075000
0 0.071023 0.339844 0.142045 0.073438
0 0.883523 0.500781 0.125000 0.076563
0 0.482955 0.506250 0.153409 0.084375
0 0.095171 0.518750 0.173295 0.078125
0 0.086648 0.415625 0.161932 0.075000
0 0.475852 0.384375 0.156250 0.078125
0 0.832386 0.307813 0.130682 0.065625
0 0.095241 0.870792 0.139661 0.100996