0 0.615057 0.238281 0.110795 0.045312
0 0.953125 0.327344 0.093750 0.067187
0 0.153409 0.425000 0.153409 0.056250
0 0.579545 0.353125 0.125000 0.059375
0 0.953125 0.571094 0.093750 0.089063
0 0.272727 0.325000 0.136364 0.059375
0 0.637784 0.271875 0.127841 0.065625
0 0.133523 0.269531 0.130682 0.057813
0 0.379261 0.275000 0.110795 0.056250
0 0.727273 0.332031 0.125000 0.060937
0 0.552557 0.445312 0.156250 0.071875
0 0.416193 0.340625 0.144886 0.065625
0 0.066761 0.226562 0.127841 0.062500
0 0.154830 0.504687 0.161932 0.075000
0 0.914773 0.247656 0.113636 0.057813
0 0.843750 0.375000 0.125000 0.075000
0 0.269886 0.608594 0.159091 0.060937
0 0.677557 0.670313 0.127841 0.090625
0 0.098011 0.378906 0.167614 0.070313
0 0.708807 0.471094 0.144886 0.073438
0 0.262784 0.661719 0.156250 0.073438
0 0.309659 0.441406 0.147727 0.070313
0 0.625000 0.531250 0.147727 0.081250
0 0.387784 0.521875 0.156250 0.078125
0 0.072443 0.850000 0.144886 0.100000