0 0.088068 0.500000 0.164773 0.078125
0 0.806818 0.182031 0.130682 0.070313
0 0.305398 0.285156 0.116477 0.051562
0 0.808239 0.394531 0.127841 0.064062
0 0.821023 0.441406 0.136364 0.070313
0 0.619318 0.500000 0.142045 0.071875
0 0.372159 0.525000 0.164773 0.059375
0 0.117898 0.332031 0.150568 0.067187
0 0.659091 0.282813 0.125000 0.068750
0 0.065341 0.620313 0.130682 0.068750
0 0.099432 0.417969 0.153409 0.064062
0 0.863636 0.557813 0.119318 0.081250
0 0.376420 0.578906 0.150568 0.070313
0 0.451705 0.412500 0.147727 0.071875
0 0.443182 0.343750 0.142045 0.062500
0 0.305398 0.725781 0.150568 0.079687
0 0.613636 0.618750 0.125000 0.075000