0 0.471591 0.303906 0.125000 0.054688
0 0.073864 0.272656 0.130682 0.054688
0 0.048295 0.849219 0.090909 0.082812
0 0.330966 0.282031 0.116477 0.054688
0 0.838068 0.164062 0.130682 0.059375
0 0.846591 0.392969 0.130682 0.064062
0 0.691761 0.290625 0.133523 0.065625
0 0.164773 0.328125 0.147727 0.065625
0 0.149148 0.402344 0.156250 0.064062
0 0.691761 0.629687 0.127841 0.084375
0 0.484375 0.340625 0.133523 0.059375
0 0.663352 0.505469 0.150568 0.073438
0 0.342330 0.711719 0.150568 0.085938
0 0.855114 0.442187 0.136364 0.071875
0 0.421875 0.513281 0.156250 0.067187
0 0.934659 0.556250 0.125000 0.084375
0 0.436080 0.573438 0.150568 0.071875
0 0.512784 0.404687 0.144886 0.071875
0 0.166193 0.496875 0.178977 0.081250
0 0.103693 0.600781 0.161932 0.073438
0 0.076704 0.723437 0.153408 0.093750