0 0.241477 0.961719 0.142045 0.076562
0 0.975852 0.642969 0.048295 0.089063
0 0.021307 0.950781 0.042614 0.085938
0 0.098011 0.187500 0.144886 0.062500
0 0.974432 0.403125 0.051136 0.078125
0 0.227273 0.323438 0.153409 0.071875
0 0.970170 0.195312 0.059659 0.065625
0 0.680398 0.382812 0.127841 0.059375
0 0.774148 0.197656 0.105114 0.054688
0 0.549716 0.258594 0.156250 0.057813
0 0.238636 0.380469 0.159091 0.060937
0 0.053977 0.607813 0.107954 0.084375
0 0.676136 0.439063 0.136364 0.071875
0 0.718750 0.564844 0.136364 0.076563
0 0.332386 0.643750 0.147727 0.084375
0 0.838068 0.476562 0.119318 0.075000
0 0.451705 0.529688 0.153409 0.084375
0 0.251420 0.452344 0.156250 0.076563
0 0.549716 0.212500 0.139205 0.059375
0 0.707386 0.279687 0.142045 0.075000
0 0.180398 0.733594 0.161932 0.082812
0 0.392045 0.225625 0.175000 0.066250