0 0.089489 0.667969 0.167614 0.064062
0 0.231534 0.352344 0.133523 0.060937
0 0.687500 0.225781 0.102273 0.048438
0 0.670455 0.351562 0.130682 0.062500
0 0.375000 0.317187 0.119318 0.053125
0 0.818182 0.319531 0.125000 0.060937
0 0.529830 0.329688 0.133523 0.062500
0 0.717330 0.275000 0.127841 0.059375
0 0.808239 0.449219 0.127841 0.070313
0 0.960227 0.362500 0.079546 0.071875
0 0.100852 0.607813 0.173295 0.065625
0 0.259943 0.400781 0.150568 0.057813
0 0.232955 0.264062 0.125000 0.053125
0 0.416193 0.423438 0.156250 0.065625
0 0.657670 0.421094 0.139205 0.060937
0 0.066761 0.333594 0.133522 0.073438
0 0.723011 0.517187 0.127841 0.071875
0 0.137784 0.223438 0.144886 0.062500
0 0.467330 0.265625 0.122159 0.056250
0 0.794034 0.677344 0.139205 0.089063
0 0.071023 0.496094 0.142045 0.073438
0 0.143466 0.775781 0.173295 0.089063
0 0.396307 0.646094 0.144886 0.073438
0 0.475852 0.496094 0.167614 0.079687
0 0.360795 0.592188 0.153409 0.062500
0 0.267045 0.482812 0.153409 0.071875