0 0.022727 0.460156 0.045454 0.092188
0 0.975852 0.525000 0.048295 0.071875
0 0.034091 0.653125 0.068182 0.071875
0 0.198864 0.359375 0.136364 0.062500
0 0.978693 0.217969 0.042614 0.057813
0 0.382102 0.314844 0.139205 0.060937
0 0.971591 0.426562 0.056818 0.078125
0 0.593750 0.334375 0.130682 0.053125
0 0.053977 0.781250 0.107954 0.084375
0 0.663352 0.602344 0.139205 0.073438
0 0.595170 0.372656 0.139205 0.060937
0 0.674716 0.474219 0.156250 0.076563
0 0.802557 0.644531 0.139205 0.064062
0 0.659091 0.546094 0.142045 0.070313
0 0.863636 0.189063 0.113636 0.050000
0 0.292614 0.252344 0.125000 0.060937
0 0.934659 0.295312 0.107955 0.059375
0 0.299716 0.390625 0.144886 0.068750
0 0.563920 0.242969 0.127841 0.057813
0 0.069602 0.317187 0.133523 0.068750
0 0.382102 0.711719 0.139205 0.085938
0 0.730114 0.258594 0.125000 0.060937
0 0.291193 0.548437 0.156250 0.065625
0 0.823864 0.371094 0.130682 0.064062
0 0.311080 0.482812 0.156250 0.065625
0 0.259943 0.617188 0.150568 0.081250