0 0.063921 0.203125 0.116477 0.056250
0 0.393466 0.207031 0.116477 0.060937
0 0.062500 0.635938 0.125000 0.059375
0 0.041193 0.722656 0.082386 0.073438
0 0.938920 0.375000 0.105114 0.053125
0 0.451705 0.303906 0.136364 0.057813
0 0.144886 0.291406 0.113636 0.060937
0 0.953125 0.159375 0.093750 0.059375
0 0.559659 0.254687 0.113636 0.062500
0 0.518466 0.708594 0.122159 0.089063
0 0.257102 0.332031 0.144886 0.057813
0 0.833807 0.252344 0.116477 0.060937
0 0.779830 0.454688 0.144886 0.071875
0 0.951705 0.494531 0.096590 0.076563
0 0.700284 0.556250 0.139205 0.081250
0 0.258523 0.389844 0.142045 0.064062
0 0.930398 0.325781 0.122159 0.060937
0 0.515625 0.401563 0.139205 0.059375
0 0.573864 0.336719 0.130682 0.064062
0 0.375000 0.559375 0.159091 0.068750
0 0.130682 0.558594 0.159091 0.067187
0 0.897727 0.629687 0.136364 0.084375
0 0.473011 0.501562 0.150568 0.071875
0 0.188920 0.689062 0.161932 0.075000
0 0.386364 0.631250 0.136364 0.075000
0 0.184659 0.460938 0.164773 0.071875
0 0.080966 0.867188 0.161932 0.093750