0 0.691761 0.336719 0.127841 0.057813
0 0.055398 0.229687 0.105114 0.065625
0 0.526989 0.358594 0.144886 0.060937
0 0.190341 0.671094 0.153409 0.067187
0 0.336648 0.278906 0.116477 0.060937
0 0.065341 0.395312 0.130682 0.062500
0 0.218750 0.332031 0.153409 0.064062
0 0.106534 0.265625 0.139205 0.062500
0 0.058239 0.881250 0.116477 0.093750
0 0.954545 0.481250 0.090909 0.068750
0 0.585227 0.244531 0.113636 0.051562
0 0.586648 0.285937 0.127841 0.062500
0 0.261364 0.450781 0.147727 0.064062
0 0.098011 0.432031 0.156250 0.067187
0 0.107955 0.518750 0.159091 0.075000
0 0.875000 0.251563 0.119318 0.056250
0 0.677557 0.479688 0.150568 0.071875
0 0.494318 0.456250 0.159091 0.068750
0 0.595170 0.539844 0.150568 0.079687
0 0.788352 0.382031 0.133523 0.076563
0 0.326705 0.538281 0.170455 0.082812
0 0.933239 0.321875 0.122159 0.065625
0 0.218750 0.617188 0.147727 0.062500
0 0.920455 0.568750 0.125000 0.087500
0 0.616477 0.661719 0.136364 0.085938