0 0.984375 0.113281 0.031250 0.054688
0 0.146307 0.211719 0.116477 0.051562
0 0.041193 0.181250 0.082386 0.062500
0 0.025568 0.651563 0.051136 0.081250
0 0.349432 0.195312 0.107955 0.053125
0 0.968750 0.521875 0.062500 0.087500
0 0.451705 0.296875 0.142045 0.071875
0 0.606534 0.260938 0.122159 0.053125
0 0.711648 0.619531 0.127841 0.082812
0 0.234375 0.442187 0.105114 0.059375
0 0.329545 0.569531 0.147727 0.082812
0 0.796875 0.380469 0.116477 0.067187
0 0.643466 0.540625 0.139205 0.081250
0 0.174716 0.525781 0.173295 0.079687
0 0.477273 0.678906 0.142045 0.082812
0 0.538352 0.445312 0.156250 0.071875
0 0.099432 0.367969 0.142045 0.064062
0 0.904830 0.463281 0.133523 0.070313
0 0.815341 0.289844 0.136364 0.064062
0 0.410511 0.219531 0.139205 0.064062
0 0.710227 0.191406 0.113636 0.057813
0 0.598011 0.350781 0.133523 0.067187
0 0.920455 0.207031 0.113636 0.057813
0 0.110795 0.803906 0.176136 0.082812
0 0.198864 0.639063 0.153409 0.071875
0 0.169034 0.895312 0.161932 0.075000