0 0.960227 0.424219 0.079546 0.067187
0 0.082386 0.683594 0.153409 0.082812
0 0.146307 0.278125 0.139205 0.068750
0 0.705966 0.256250 0.116477 0.053125
0 0.426136 0.307813 0.113636 0.062500
0 0.592330 0.389844 0.139205 0.067187
0 0.505682 0.601562 0.159091 0.081250
0 0.235795 0.377344 0.142045 0.067187
0 0.819602 0.553906 0.139205 0.067187
0 0.107955 0.616406 0.159091 0.070313
0 0.423295 0.245312 0.125000 0.056250
0 0.884943 0.342187 0.133523 0.062500
0 0.714489 0.309375 0.127841 0.059375
0 0.750000 0.487500 0.153409 0.075000
0 0.522727 0.435156 0.153409 0.067187
0 0.507102 0.540625 0.156250 0.065625
0 0.123580 0.492969 0.161932 0.070313
0 0.848011 0.622656 0.116477 0.070313
0 0.261364 0.701563 0.159091 0.081250
1 0.607858 0.705508 0.192604 0.088983