0 0.967330 0.433594 0.065340 0.073438
0 0.099432 0.306250 0.125000 0.059375
0 0.350852 0.241406 0.127841 0.067187
0 0.593750 0.249219 0.125000 0.060937
0 0.153409 0.535937 0.142045 0.075000
0 0.393466 0.454688 0.127841 0.065625
0 0.948864 0.370313 0.102272 0.062500
0 0.795455 0.592969 0.130682 0.076563
0 0.644886 0.331250 0.119318 0.059375
0 0.845170 0.524219 0.139205 0.070313
0 0.626420 0.438281 0.122159 0.073438
0 0.475852 0.548437 0.150568 0.081250
0 0.511364 0.678125 0.136364 0.090625
0 0.090909 0.664844 0.153409 0.076563
0 0.076656 0.942797 0.153312 0.097458
0 0.424884 0.828390 0.096302 0.097458