0 0.119318 0.228125 0.130682 0.059375
0 0.029829 0.633594 0.059658 0.076563
0 0.100852 0.899219 0.156250 0.079687
0 0.042614 0.490625 0.085227 0.084375
0 0.409091 0.422656 0.142045 0.073438
0 0.598011 0.333594 0.110795 0.060937
0 0.571023 0.665625 0.153409 0.075000
0 0.882102 0.269531 0.110795 0.054688
0 0.495739 0.366406 0.133523 0.070313
0 0.282670 0.290625 0.133523 0.068750
0 0.869318 0.378906 0.125000 0.060937
0 0.877841 0.214062 0.119318 0.056250
0 0.072443 0.692969 0.144886 0.079687
0 0.752841 0.422656 0.125000 0.060937
0 0.693182 0.513281 0.125000 0.073438
0 0.805398 0.607031 0.127841 0.079687
0 0.130682 0.755469 0.176136 0.085938
0 0.113636 0.338281 0.136364 0.073438
0 0.616477 0.264062 0.119318 0.062500
0 0.419034 0.585156 0.139205 0.070313
0 0.328125 0.509375 0.150568 0.068750
1 0.698382 0.772246 0.119414 0.086864