0 0.130682 0.956568 0.153409 0.086864
0 0.045455 0.707309 0.090909 0.089619
0 0.819602 0.347656 0.116477 0.060937
0 0.045455 0.617188 0.090909 0.068750
0 0.818182 0.626562 0.142045 0.084375
0 0.825284 0.288281 0.122159 0.057813
0 0.839489 0.228125 0.105114 0.053125
0 0.322443 0.574219 0.156250 0.070313
0 0.947443 0.471875 0.105114 0.071875
0 0.605114 0.465625 0.125000 0.065625
0 0.707386 0.555469 0.130682 0.070313
0 0.107955 0.287500 0.130682 0.059375
0 0.062500 0.417969 0.125000 0.064062
0 0.392045 0.620313 0.130682 0.078125
0 0.390625 0.257812 0.127841 0.062500
0 0.562500 0.285156 0.136364 0.067187
0 0.705966 0.415625 0.122159 0.068750
0 0.336648 0.328906 0.144886 0.067187
0 0.393466 0.391406 0.133523 0.064062
0 0.281250 0.467187 0.136364 0.065625
0 0.220170 0.735156 0.139205 0.070313
1 0.673344 0.758475 0.130971 0.080508