0 0.171875 0.971094 0.167614 0.054688
0 0.809659 0.233594 0.119318 0.060937
0 0.683239 0.564062 0.122159 0.068750
0 0.776989 0.362500 0.116477 0.062500
0 0.572443 0.470313 0.127841 0.068750
0 0.350852 0.257031 0.127841 0.060937
0 0.309659 0.326562 0.147727 0.071875
0 0.769886 0.636719 0.136364 0.082812
0 0.782670 0.298438 0.116477 0.056250
0 0.674716 0.407813 0.122159 0.071875
0 0.059659 0.285156 0.119318 0.070313
0 0.332386 0.639844 0.142045 0.073438
0 0.901989 0.486719 0.122159 0.070313
0 0.534091 0.289062 0.136364 0.065625
0 0.332386 0.403125 0.142045 0.068750
0 0.159091 0.768750 0.147727 0.081250
0 0.288352 0.588281 0.139205 0.064062
0 0.234375 0.482031 0.133523 0.067187
1 0.671418 0.761653 0.127119 0.082627