0 0.822443 0.229687 0.116477 0.056250
0 0.552557 0.443750 0.150568 0.078125
0 0.268466 0.505469 0.161932 0.076563
0 0.166193 0.411719 0.167614 0.076563
0 0.811080 0.417969 0.139205 0.070313
0 0.796875 0.475000 0.127841 0.071875
0 0.384943 0.314063 0.133523 0.065625
0 0.409091 0.554688 0.147727 0.084375
0 0.704545 0.319531 0.142045 0.076563
0 0.107955 0.499219 0.159091 0.073438
0 0.632102 0.675000 0.161932 0.100000
0 0.532670 0.366406 0.144886 0.070313
0 0.062500 0.608594 0.125000 0.076563
0 0.588068 0.212500 0.130682 0.059375
0 0.208807 0.660156 0.150568 0.076563
0 0.100852 0.829687 0.184659 0.100000