1 0.407941 0.686727 0.144345 0.082795
1 0.100852 0.696094 0.184659 0.092188
0 0.330966 0.302344 0.150568 0.070313
1 0.605114 0.686719 0.130682 0.101562
0 0.353693 0.503125 0.156250 0.084375
0 0.957386 0.607813 0.085227 0.075000
0 0.767045 0.525781 0.147727 0.073438
0 0.605114 0.296875 0.142045 0.075000
0 0.375000 0.394531 0.142045 0.070313
0 0.944602 0.381250 0.110795 0.071875
0 0.170455 0.944531 0.187500 0.110937
0 0.850852 0.246094 0.133523 0.064062
0 0.786932 0.321875 0.136364 0.065625
0 0.642045 0.412500 0.153409 0.071875
0 0.943182 0.672656 0.113636 0.076563