0 0.127841 0.507812 0.142045 0.075000
0 0.238636 0.960938 0.142045 0.078124
0 0.205966 0.240625 0.156250 0.078125
0 0.444602 0.393750 0.122159 0.065625
0 0.732955 0.389062 0.130682 0.065625
0 0.806818 0.454688 0.113636 0.068750
0 0.617898 0.258594 0.139205 0.070313
0 0.852273 0.585156 0.130682 0.073438
0 0.382102 0.504687 0.122159 0.068750
0 0.589489 0.550781 0.139205 0.067187
0 0.231534 0.590625 0.156250 0.075000
0 0.242898 0.751562 0.144886 0.084375
0 0.531250 0.644531 0.136364 0.079687
0 0.419106 0.825212 0.130971 0.099576