0 0.984375 0.567187 0.031250 0.075000
0 0.035511 0.531250 0.071022 0.090625
0 0.214489 0.721875 0.156250 0.078125
0 0.471591 0.393750 0.130682 0.062500
0 0.909091 0.524219 0.136364 0.079687
0 0.616477 0.220313 0.125000 0.056250
0 0.372159 0.287500 0.147727 0.071875
0 0.465909 0.486719 0.136364 0.070313
0 0.068182 0.314063 0.130682 0.075000
0 0.776989 0.667969 0.127841 0.076563
0 0.748580 0.421094 0.133523 0.070313
0 0.041193 0.721094 0.082386 0.089063
0 0.298295 0.212500 0.147727 0.062500
0 0.649148 0.289844 0.139205 0.073438
0 0.832386 0.238281 0.113636 0.057813
0 0.931818 0.117969 0.113636 0.057813
0 0.474432 0.592188 0.142045 0.081250
0 0.492898 0.161719 0.133523 0.067187
0 0.840909 0.321875 0.130682 0.065625
0 0.115057 0.846875 0.156250 0.078125
0 0.228693 0.560156 0.156250 0.079687
0 0.576705 0.541406 0.142045 0.073438
0 0.079545 0.158125 0.136364 0.071250