0 0.542614 0.547656 0.153409 0.076563
0 0.963068 0.276563 0.073864 0.056250
0 0.343750 0.403125 0.130682 0.059375
0 0.295455 0.190625 0.113636 0.053125
0 0.751420 0.382031 0.127841 0.057813
0 0.488636 0.237500 0.142045 0.071875
0 0.808239 0.194531 0.110795 0.060937
0 0.644886 0.284375 0.125000 0.068750
0 0.931818 0.432031 0.125000 0.073438
0 0.762784 0.323438 0.122159 0.059375
0 0.632102 0.428125 0.167614 0.078125
0 0.299716 0.284375 0.144886 0.071875
0 0.796875 0.560156 0.127841 0.070313
0 0.788352 0.504687 0.139205 0.078125
0 0.069602 0.429688 0.139204 0.068750
0 0.799716 0.711719 0.139205 0.089063
0 0.423295 0.354688 0.142045 0.062500
0 0.107955 0.338281 0.153409 0.064062
0 0.609375 0.632031 0.127841 0.079687
0 0.171875 0.592188 0.173295 0.081250
0 0.302557 0.729688 0.150568 0.087500
0 0.267045 0.492188 0.164773 0.078125
0 0.110795 0.684375 0.164773 0.078125