0 0.980114 0.527344 0.039772 0.067187
0 0.066761 0.916406 0.116477 0.076563
0 0.978693 0.442969 0.042614 0.079687
0 0.059659 0.627344 0.119318 0.067187
0 0.028409 0.519531 0.056818 0.076563
0 0.042614 0.453906 0.085227 0.076563
0 0.205966 0.364844 0.139205 0.057813
0 0.627841 0.327344 0.125000 0.051562
0 0.424716 0.314063 0.127841 0.053125
0 0.964489 0.285156 0.071022 0.060937
0 0.713068 0.606250 0.136364 0.075000
0 0.892045 0.176563 0.113636 0.053125
0 0.311080 0.251563 0.122159 0.059375
0 0.767045 0.250000 0.113636 0.056250
0 0.710227 0.546094 0.136364 0.070313
0 0.596591 0.241406 0.125000 0.057813
0 0.095171 0.320312 0.133523 0.062500
0 0.629261 0.367969 0.133523 0.057813
0 0.326705 0.383594 0.136364 0.067187
0 0.845170 0.637500 0.133523 0.062500
0 0.704545 0.476562 0.147727 0.071875
0 0.071023 0.749219 0.142045 0.076563
0 0.360795 0.467969 0.153409 0.064062
0 0.845170 0.367188 0.133523 0.062500
0 0.431818 0.715625 0.130682 0.078125
0 0.336648 0.610937 0.139205 0.078125
0 0.336648 0.532031 0.156250 0.064062