0 0.125000 0.918750 0.176136 0.115625
0 0.338068 0.472656 0.147727 0.060937
0 0.927557 0.177344 0.110795 0.060937
0 0.639205 0.239844 0.130682 0.064062
0 0.640625 0.551562 0.139205 0.068750
0 0.778409 0.302344 0.130682 0.060937
0 0.126324 0.645935 0.184852 0.080006
0 0.765625 0.353906 0.127841 0.064062
0 0.056818 0.823438 0.113636 0.093750
0 0.139205 0.354688 0.142045 0.068750
0 0.450284 0.331250 0.156250 0.068750
0 0.948864 0.455469 0.102272 0.076563
0 0.303977 0.389062 0.153409 0.071875
0 0.403409 0.504687 0.164773 0.075000
0 0.669034 0.665625 0.144886 0.084375
0 0.938920 0.556250 0.116477 0.075000
0 0.796875 0.510156 0.127841 0.070313
0 0.460227 0.429688 0.142045 0.075000
0 0.420455 0.692969 0.159091 0.095312
0 0.397727 0.236719 0.147727 0.067187