0 0.055398 0.183594 0.093750 0.048438
0 0.852273 0.190625 0.102273 0.050000
0 0.717330 0.316406 0.144886 0.060937
0 0.461648 0.310156 0.144886 0.054688
0 0.669130 0.387500 0.139397 0.075000
0 0.609375 0.293750 0.122159 0.059375
0 0.647727 0.596875 0.136364 0.068750
0 0.382102 0.708594 0.144886 0.082812
0 0.934659 0.345313 0.119318 0.059375
0 0.944602 0.268750 0.105114 0.059375
0 0.951705 0.407813 0.096590 0.062500
0 0.654830 0.682813 0.133523 0.084375
0 0.470170 0.369531 0.150568 0.054688
0 0.735795 0.468750 0.147727 0.075000
0 0.312500 0.429688 0.159091 0.078125
0 0.379261 0.546094 0.156250 0.060937
0 0.076704 0.720312 0.153408 0.081250
0 0.276989 0.292969 0.150568 0.067187
0 0.292614 0.210156 0.130682 0.064062
0 0.107955 0.613281 0.181818 0.079687
0 0.691761 0.234375 0.110795 0.056250
0 0.133523 0.389062 0.153409 0.068750
0 0.522727 0.443750 0.142045 0.071875
0 0.444602 0.246094 0.139205 0.060937
0 0.335227 0.602344 0.153409 0.073438
0 0.096591 0.832812 0.147727 0.081250