0 0.046875 0.654688 0.093750 0.078125
0 0.406250 0.553906 0.170455 0.070313
0 0.296875 0.971094 0.167614 0.057812
0 0.495739 0.392969 0.133523 0.067187
0 0.654830 0.271875 0.110795 0.056250
0 0.669034 0.500000 0.144886 0.068750
0 0.423295 0.306250 0.113636 0.059375
0 0.657670 0.323438 0.127841 0.062500
0 0.099432 0.292188 0.136364 0.068750
0 0.061080 0.530469 0.116477 0.073438
0 0.703125 0.549219 0.139205 0.067187
0 0.927557 0.285156 0.116477 0.057813
0 0.863636 0.447656 0.125000 0.064062
0 0.146307 0.402344 0.133523 0.064062
0 0.417614 0.628125 0.142045 0.084375
0 0.875000 0.677344 0.130682 0.073438
0 0.362216 0.235938 0.127841 0.059375
0 0.745739 0.621094 0.116477 0.070313
0 0.802557 0.358594 0.127841 0.064062
0 0.941761 0.207813 0.110795 0.059375
0 0.147727 0.749219 0.181818 0.089063
0 0.421875 0.433594 0.150568 0.070313
1 0.505778 0.716102 0.142527 0.067797