1 0.278070 0.690143 0.148406 0.069713
1 0.107106 0.618699 0.214212 0.087399
0 0.198864 0.335938 0.159091 0.071875
0 0.174168 0.948484 0.163027 0.099908
0 0.622159 0.538281 0.136364 0.076563
0 0.806818 0.605469 0.125000 0.067187
0 0.723011 0.255469 0.133523 0.067187
0 0.509943 0.314063 0.144886 0.075000
0 0.240057 0.417188 0.150568 0.068750
0 0.794034 0.672656 0.139205 0.070313
0 0.832386 0.400000 0.142045 0.071875
0 0.204545 0.513281 0.153409 0.076563
0 0.549716 0.411719 0.156250 0.079687
0 0.927557 0.538281 0.127841 0.079687
0 0.938920 0.303906 0.122159 0.067187
1 0.453125 0.662416 0.178977 0.093917
0 0.715909 0.331250 0.142045 0.065625