0 0.958807 0.450781 0.082386 0.073438
0 0.046875 0.730469 0.093750 0.076563
0 0.842330 0.226562 0.110795 0.053125
0 0.674716 0.525000 0.133523 0.075000
0 0.965909 0.520312 0.068182 0.084375
0 0.103693 0.918750 0.173295 0.093750
0 0.846591 0.275000 0.119318 0.056250
0 0.559659 0.328906 0.113636 0.057813
0 0.764205 0.595312 0.136364 0.081250
0 0.813920 0.386719 0.127841 0.064062
0 0.086648 0.335938 0.133523 0.075000
0 0.579545 0.266406 0.113636 0.060937
0 0.457386 0.364062 0.136364 0.068750
0 0.241477 0.285937 0.130682 0.065625
0 0.705966 0.425781 0.133523 0.064062
0 0.349432 0.603125 0.153409 0.078125
0 0.360795 0.433594 0.147727 0.067187
0 0.284091 0.533594 0.153409 0.073438
0 0.116477 0.769531 0.176136 0.098437
1 0.711864 0.765890 0.177196 0.061441
0 0.553929 0.672669 0.138675 0.078390