0 0.982955 0.556250 0.034090 0.081250
0 0.025568 0.833594 0.051136 0.095312
0 0.136364 0.482812 0.142045 0.065625
0 0.965909 0.274219 0.068182 0.070313
0 0.406250 0.328125 0.142045 0.065625
0 0.558239 0.404687 0.139205 0.068750
0 0.248580 0.213281 0.127841 0.057813
0 0.526989 0.360938 0.144886 0.059375
0 0.600852 0.597656 0.133523 0.076563
0 0.947443 0.362500 0.105114 0.062500
0 0.767045 0.258594 0.119318 0.064062
0 0.921875 0.414844 0.133523 0.067187
0 0.721591 0.506250 0.130682 0.078125
0 0.301136 0.511719 0.136364 0.070313
0 0.153409 0.868750 0.147727 0.078125
0 0.707386 0.199219 0.125000 0.060937
0 0.397727 0.666406 0.130682 0.082812
0 0.217330 0.609375 0.139205 0.078125
0 0.525000 0.252500 0.159091 0.087500