0 0.042614 0.979688 0.085227 0.037500
0 0.018466 0.506250 0.036932 0.081250
0 0.366477 0.317187 0.125000 0.050000
0 0.954545 0.165625 0.090909 0.062500
0 0.872159 0.278906 0.130682 0.060937
0 0.775568 0.671094 0.125000 0.076563
0 0.028409 0.750781 0.056818 0.089063
0 0.832386 0.176563 0.113636 0.056250
0 0.565341 0.328125 0.125000 0.059375
0 0.670455 0.260938 0.119318 0.053125
0 0.846591 0.331250 0.125000 0.059375
0 0.714489 0.574219 0.133523 0.076563
0 0.137784 0.244531 0.122159 0.067187
0 0.285511 0.277344 0.144886 0.060937
0 0.589489 0.415625 0.127841 0.068750
0 0.325284 0.410937 0.150568 0.062500
0 0.325284 0.482031 0.161932 0.070313
0 0.928977 0.406250 0.130682 0.068750
0 0.205966 0.961719 0.173295 0.076562
0 0.204545 0.734375 0.153409 0.087500
0 0.231534 0.361719 0.144886 0.070313
0 0.419034 0.653906 0.127841 0.085938
0 0.498580 0.239063 0.133523 0.065625
0 0.643466 0.504687 0.139205 0.068750
0 0.365057 0.581250 0.150568 0.078125
0 0.071023 0.639844 0.142045 0.076563