0 0.211648 0.374219 0.156250 0.064062
0 0.051136 0.508594 0.096591 0.067187
0 0.487216 0.232812 0.122159 0.056250
0 0.248580 0.271094 0.133523 0.057813
0 0.294034 0.389844 0.156250 0.064062
0 0.599432 0.419531 0.164773 0.079687
0 0.471591 0.465625 0.159091 0.075000
0 0.744318 0.559375 0.142045 0.081250
0 0.529830 0.369531 0.139205 0.060937
0 0.080966 0.339844 0.150568 0.070313
0 0.058239 0.766406 0.116477 0.082812
0 0.698864 0.246094 0.113636 0.057813
0 0.752841 0.332031 0.136364 0.067187
0 0.896307 0.411719 0.133523 0.073438
0 0.051136 0.696875 0.102272 0.065625
0 0.747159 0.483594 0.130682 0.067187
0 0.109375 0.585156 0.167614 0.076563
0 0.768466 0.685156 0.116477 0.082812
0 0.397727 0.287500 0.130682 0.062500
0 0.237216 0.475781 0.150568 0.067187
0 0.417614 0.551562 0.153409 0.075000
0 0.340909 0.640625 0.142045 0.081250