0 0.015625 0.967188 0.031250 0.065624
0 0.958807 0.321875 0.082386 0.075000
0 0.188920 0.358594 0.139205 0.070313
0 0.686080 0.565625 0.133523 0.078125
0 0.319602 0.655469 0.144886 0.079687
0 0.620739 0.264062 0.127841 0.068750
0 0.521307 0.485938 0.127841 0.084375
0 0.789773 0.385938 0.130682 0.075000
0 0.146307 0.848503 0.167614 0.112369
0 0.102273 0.596094 0.170455 0.076563
0 0.893466 0.415625 0.127841 0.078125
0 0.487216 0.353125 0.139205 0.078125
0 0.125000 0.721875 0.187500 0.090625
0 0.190341 0.489062 0.164773 0.075000