0 0.025568 0.803125 0.051136 0.081250
0 0.869318 0.086719 0.113636 0.054688
0 0.664773 0.332812 0.113636 0.056250
0 0.957386 0.215625 0.085227 0.059375
0 0.661932 0.239844 0.119318 0.057813
0 0.950284 0.333594 0.099432 0.064062
0 0.848011 0.582031 0.116477 0.073438
0 0.444602 0.233594 0.133523 0.057813
0 0.153409 0.250781 0.142045 0.064062
0 0.529830 0.400781 0.116477 0.060937
0 0.703125 0.434375 0.122159 0.071875
0 0.805398 0.510938 0.122159 0.071875
0 0.431818 0.308594 0.136364 0.067187
0 0.085227 0.863281 0.164773 0.092188
0 0.242898 0.579687 0.122159 0.065625
0 0.352273 0.617188 0.125000 0.068750
0 0.186364 0.516250 0.177273 0.077500