0 0.184659 0.946875 0.187500 0.100000
1 0.552557 0.593750 0.150568 0.078125
1 0.399148 0.649219 0.150568 0.082812
0 0.096591 0.807813 0.147727 0.087500
0 0.911932 0.298438 0.125000 0.065625
0 0.423295 0.230658 0.130682 0.070690
0 0.161932 0.325000 0.130682 0.062500
0 0.613636 0.507812 0.142045 0.081250
0 0.519886 0.244531 0.153409 0.070313
0 0.786932 0.263281 0.142045 0.076563
0 0.562500 0.381250 0.147727 0.075000
0 0.816761 0.389844 0.144886 0.076563
0 0.240057 0.492188 0.161932 0.081250
0 0.196023 0.386719 0.153409 0.076563
1 0.712078 0.756283 0.121557 0.071124