0 0.035511 0.617188 0.071022 0.065625
0 0.211648 0.289062 0.127841 0.059375
0 0.049716 0.851562 0.099432 0.096875
0 0.500000 0.448438 0.159091 0.078125
0 0.953125 0.596875 0.093750 0.081250
0 0.639205 0.674219 0.130682 0.085938
0 0.117898 0.392188 0.156250 0.071875
0 0.343750 0.511719 0.164773 0.070313
0 0.664773 0.563281 0.147727 0.082812
0 0.937500 0.284375 0.119318 0.068750
0 0.791193 0.410937 0.133523 0.071875
0 0.201705 0.428906 0.159091 0.067187
0 0.492898 0.238281 0.122159 0.054688
0 0.616477 0.251563 0.119318 0.056250
0 0.634943 0.481250 0.133523 0.068750
0 0.670455 0.311719 0.136364 0.067187
0 0.306818 0.575000 0.153409 0.071875
0 0.329545 0.306250 0.130682 0.062500
0 0.441761 0.390625 0.139205 0.062500
0 0.105114 0.519531 0.159091 0.073438
0 0.943182 0.528906 0.113636 0.067187
0 0.237216 0.657812 0.150568 0.075000