0 0.561080 0.333594 0.144886 0.054688
0 0.187500 0.362500 0.142045 0.056250
0 0.356534 0.320312 0.122159 0.056250
0 0.958807 0.225781 0.082386 0.057813
0 0.832386 0.200781 0.113636 0.054688
0 0.039773 0.804688 0.079546 0.087500
0 0.964489 0.417969 0.071022 0.073438
0 0.049716 0.316406 0.099432 0.070313
0 0.954545 0.532031 0.090909 0.070313
0 0.257102 0.253906 0.122159 0.057813
0 0.640625 0.470313 0.167614 0.078125
0 0.267045 0.501562 0.153409 0.065625
0 0.613636 0.537500 0.142045 0.071875
0 0.757102 0.656250 0.150568 0.068750
0 0.193182 0.626562 0.159091 0.078125
0 0.701705 0.263281 0.125000 0.057813
0 0.565341 0.375781 0.142045 0.064062
0 0.619318 0.599219 0.136364 0.076563
0 0.262784 0.400000 0.144886 0.068750
0 0.901989 0.305469 0.110795 0.057813
0 0.531250 0.245312 0.130682 0.062500
0 0.240057 0.566406 0.173295 0.067187
0 0.794034 0.377344 0.133523 0.060937
0 0.335227 0.713281 0.142045 0.082812