0 0.058239 0.436719 0.110795 0.070313
0 0.034091 0.528125 0.068182 0.081250
1 0.193667 0.961356 0.160061 0.077288
0 0.734375 0.400000 0.144886 0.084375
0 0.423295 0.657812 0.136364 0.071875
0 0.909091 0.322656 0.125000 0.070313
0 0.348011 0.410937 0.156250 0.078125
1 0.086543 0.753035 0.167404 0.106069
0 0.231534 0.620313 0.161932 0.078125
0 0.492898 0.346094 0.139205 0.073438
0 0.666193 0.264062 0.139205 0.065625
0 0.697443 0.487500 0.139205 0.081250
0 0.927557 0.517187 0.122159 0.068750
0 0.761364 0.589844 0.125000 0.073438
0 0.068182 0.622656 0.136364 0.076563
0 0.269886 0.483594 0.170455 0.076563
0 0.396307 0.557813 0.156250 0.081250
0 0.185762 0.346373 0.134489 0.075391
1 0.077137 0.877193 0.144834 0.113798