0 0.978693 0.459375 0.042614 0.075000
0 0.218750 0.206250 0.130682 0.068750
0 0.089489 0.496875 0.139205 0.062500
0 0.904830 0.150000 0.105114 0.056250
0 0.370739 0.325000 0.139205 0.062500
0 0.960227 0.555469 0.079546 0.073438
0 0.538352 0.601562 0.127841 0.078125
0 0.475852 0.360156 0.150568 0.064062
0 0.867898 0.425000 0.139205 0.065625
0 0.169034 0.884375 0.144886 0.075000
0 0.730114 0.260156 0.125000 0.064062
0 0.894886 0.364844 0.125000 0.060937
0 0.684659 0.195312 0.125000 0.059375
0 0.490057 0.412500 0.139205 0.068750
0 0.927557 0.265625 0.133523 0.075000
0 0.345170 0.675000 0.133523 0.078125
0 0.666193 0.508594 0.127841 0.079687
0 0.241477 0.532031 0.147727 0.064062
0 0.153409 0.632812 0.142045 0.078125
0 0.494318 0.261250 0.175000 0.072500