1 0.289773 0.732031 0.181818 0.089063
0 0.237216 0.802344 0.144886 0.079687
0 0.852273 0.586719 0.125000 0.073438
0 0.518466 0.559375 0.139205 0.065625
0 0.531250 0.282031 0.107955 0.057813
0 0.471591 0.513281 0.153409 0.076563
0 0.225852 0.475000 0.167614 0.071875
0 0.914773 0.629687 0.119318 0.075000
0 0.946023 0.332031 0.107954 0.054688
0 0.651989 0.448438 0.139205 0.071875
0 0.805398 0.227344 0.110795 0.054688
0 0.501420 0.338281 0.150568 0.064062
0 0.649148 0.376563 0.127841 0.062500
0 0.835227 0.499219 0.125000 0.073438
0 0.267045 0.239844 0.136364 0.060937
0 0.764205 0.309375 0.113636 0.062500
0 0.917614 0.378906 0.113636 0.054688
0 0.519886 0.621875 0.125000 0.075000
0 0.678977 0.685938 0.136364 0.081250
0 0.308239 0.395312 0.133523 0.065625
0 0.196023 0.583594 0.153409 0.070313
0 0.187500 0.643750 0.147727 0.071875