0 0.501420 0.337500 0.122159 0.059375
0 0.683239 0.274219 0.139205 0.064062
0 0.629261 0.350000 0.127841 0.065625
0 0.207386 0.414062 0.147727 0.056250
0 0.059659 0.675781 0.119318 0.070313
0 0.768466 0.321094 0.127841 0.060937
0 0.610795 0.432813 0.147727 0.065625
0 0.063921 0.614844 0.127841 0.064062
0 0.676136 0.524219 0.136364 0.079687
0 0.948864 0.250000 0.102272 0.059375
0 0.326705 0.321875 0.130682 0.056250
0 0.647727 0.225781 0.113636 0.051562
0 0.095171 0.221094 0.139205 0.060937
0 0.414773 0.273438 0.119318 0.056250
0 0.913352 0.367969 0.133523 0.073438
0 0.184659 0.269531 0.130682 0.057813
0 0.365057 0.430469 0.156250 0.067187
0 0.748580 0.458594 0.139205 0.070313
0 0.342330 0.658594 0.144886 0.076563
0 0.426136 0.510156 0.170455 0.079687
0 0.738636 0.676562 0.130682 0.090625
0 0.303977 0.605469 0.147727 0.067187
0 0.215909 0.489844 0.153409 0.070313
0 0.163352 0.368750 0.144886 0.065625
0 0.106534 0.801562 0.173295 0.093750