0 0.076704 0.559375 0.147727 0.059375
0 0.247159 0.263281 0.136364 0.057813
0 0.284091 0.746875 0.147727 0.081250
0 0.049716 0.971094 0.099432 0.057812
0 0.521307 0.532812 0.139205 0.068750
0 0.934659 0.217969 0.125000 0.057813
0 0.725852 0.204688 0.116477 0.050000
0 0.612216 0.560156 0.127841 0.076563
0 0.498580 0.267969 0.144886 0.067187
0 0.397727 0.660156 0.159091 0.082812
0 0.728693 0.461719 0.144886 0.079687
0 0.154830 0.506250 0.150568 0.065625
0 0.603693 0.312500 0.133523 0.068750
0 0.903409 0.359375 0.125000 0.065625
0 0.117898 0.603125 0.178977 0.075000
0 0.265625 0.363281 0.150568 0.070313
0 0.122159 0.435156 0.159091 0.073438
0 0.504261 0.393750 0.150568 0.071875