0 0.838068 0.092188 0.102273 0.050000
0 0.417614 0.230469 0.130682 0.060937
0 0.933239 0.223438 0.116477 0.053125
0 0.120739 0.252344 0.144886 0.067187
0 0.914773 0.339844 0.119318 0.060937
0 0.781250 0.586719 0.119318 0.076563
0 0.478693 0.406250 0.127841 0.062500
0 0.396307 0.314063 0.139205 0.062500
0 0.636364 0.245312 0.113636 0.062500
0 0.616477 0.329688 0.113636 0.059375
0 0.751420 0.517969 0.127841 0.070313
0 0.294034 0.636719 0.133523 0.073438
0 0.649148 0.433594 0.127841 0.070313
0 0.106534 0.904688 0.184659 0.109375
0 0.191761 0.604688 0.122159 0.068750
0 0.144318 0.532500 0.175000 0.087500