0 0.765625 0.990625 0.133523 0.018750
0 0.974432 0.355469 0.051136 0.067187
0 0.110795 0.371094 0.125000 0.054688
0 0.451705 0.347656 0.130682 0.057813
0 0.598011 0.273438 0.127841 0.062500
0 0.450284 0.385938 0.144886 0.065625
0 0.532670 0.457031 0.150568 0.070313
0 0.153409 0.258594 0.119318 0.064062
0 0.248580 0.339844 0.127841 0.051562
0 0.734375 0.239844 0.110795 0.054688
0 0.465909 0.601562 0.147727 0.075000
0 0.427557 0.261719 0.139205 0.057813
0 0.684659 0.400781 0.125000 0.064062
0 0.779830 0.539062 0.133523 0.065625
0 0.140625 0.414844 0.144886 0.067187
0 0.637784 0.663281 0.127841 0.073438
0 0.892045 0.246094 0.113636 0.060937
0 0.468750 0.526563 0.159091 0.068750
0 0.117898 0.535937 0.150568 0.068750
0 0.914773 0.588281 0.125000 0.079687
0 0.782670 0.330469 0.116477 0.057813
0 0.082386 0.612500 0.164772 0.068750
0 0.886364 0.436719 0.125000 0.067187
0 0.065341 0.675000 0.130682 0.068750
0 0.242898 0.720312 0.150568 0.071875