0 0.984375 0.291406 0.031250 0.079687
0 0.705966 0.363281 0.127841 0.060937
0 0.971591 0.446094 0.056818 0.079687
0 0.539773 0.486719 0.159091 0.076563
0 0.813920 0.148438 0.105114 0.053125
0 0.643466 0.239844 0.122159 0.060937
0 0.725852 0.534375 0.116477 0.065625
0 0.329545 0.289062 0.130682 0.062500
0 0.214489 0.739062 0.127841 0.068750
0 0.738636 0.601562 0.125000 0.075000
0 0.340909 0.595312 0.130682 0.071875
0 0.651989 0.289844 0.127841 0.070313
0 0.346591 0.421094 0.130682 0.070313
0 0.177557 0.960938 0.156250 0.078124