0 0.184659 0.960938 0.147727 0.075000
0 0.971591 0.084375 0.056818 0.065625
0 0.036932 0.717969 0.073864 0.067187
0 0.120739 0.740625 0.150568 0.068750
0 0.288352 0.221094 0.122159 0.057813
0 0.737216 0.155469 0.105114 0.054688
0 0.953125 0.259375 0.093750 0.059375
0 0.742898 0.372656 0.127841 0.067187
0 0.951705 0.536719 0.096590 0.076563
0 0.900568 0.410937 0.130682 0.068750
0 0.538352 0.614844 0.110795 0.076563
0 0.213068 0.336719 0.142045 0.067187
0 0.286932 0.437500 0.136364 0.062500
0 0.514205 0.260938 0.130682 0.065625
0 0.470170 0.357812 0.139205 0.065625
0 0.517045 0.540625 0.125000 0.075000
0 0.758523 0.269531 0.136364 0.064062
0 0.433239 0.466406 0.139205 0.067187