0 0.768466 0.991406 0.122159 0.017188
0 0.019886 0.598437 0.039772 0.081250
0 0.961648 0.178125 0.071023 0.065625
0 0.059659 0.257031 0.102273 0.060937
0 0.332386 0.279687 0.130682 0.062500
0 0.041193 0.446875 0.082386 0.065625
0 0.143466 0.328125 0.127841 0.062500
0 0.339489 0.367969 0.150568 0.064062
0 0.491477 0.294531 0.125000 0.070313
0 0.313920 0.610156 0.150568 0.073438
0 0.323864 0.553125 0.159091 0.065625
0 0.328125 0.415625 0.150568 0.068750
0 0.619318 0.242188 0.119318 0.056250
0 0.643466 0.552344 0.139205 0.067187
0 0.761364 0.616406 0.125000 0.085938
0 0.059659 0.383594 0.113636 0.060937
0 0.806818 0.278125 0.130682 0.065625
0 0.507102 0.666406 0.139205 0.076563
0 0.568182 0.421094 0.130682 0.070313
0 0.788352 0.458594 0.139205 0.067187
0 0.410511 0.489844 0.161932 0.070313
0 0.690341 0.355469 0.130682 0.064062
0 0.944602 0.365625 0.110795 0.059375
0 0.137784 0.750781 0.156250 0.085938