0 0.075284 0.521875 0.139205 0.068750
0 0.403409 0.407813 0.113636 0.065625
0 0.707386 0.392188 0.125000 0.062500
0 0.269886 0.966406 0.153409 0.067187
0 0.321023 0.523438 0.136364 0.068750
0 0.778409 0.455469 0.119318 0.070313
0 0.616477 0.262500 0.142045 0.071875
0 0.552557 0.558594 0.133523 0.070313
0 0.805398 0.589063 0.133523 0.071875
0 0.191761 0.611719 0.150568 0.076563
0 0.492898 0.653125 0.139205 0.081250
0 0.204545 0.782031 0.153409 0.089063
0 0.187982 0.234110 0.138675 0.078390
0 0.411402 0.816737 0.138675 0.103814