0 0.140625 0.534375 0.161932 0.059375
0 0.958807 0.218750 0.082386 0.056250
0 0.589489 0.521094 0.133523 0.070313
0 0.281250 0.765625 0.153409 0.087500
0 0.245739 0.960156 0.150568 0.079687
0 0.295455 0.257031 0.136364 0.060937
0 0.465909 0.649219 0.159091 0.079687
0 0.450284 0.547656 0.150568 0.060937
0 0.772727 0.207813 0.107955 0.053125
0 0.575284 0.382812 0.127841 0.062500
0 0.184659 0.567187 0.176136 0.071875
0 0.690341 0.553125 0.119318 0.068750
0 0.512784 0.253125 0.139205 0.068750
0 0.308239 0.353906 0.150568 0.070313
0 0.647727 0.310937 0.130682 0.068750
0 0.228693 0.489844 0.156250 0.070313
0 0.157670 0.422656 0.161932 0.070313
0 0.788352 0.456250 0.133523 0.075000
0 0.943182 0.357031 0.113636 0.067187