0 0.041193 0.387500 0.076704 0.068750
0 0.775568 0.992188 0.119318 0.015624
0 0.974432 0.542188 0.051136 0.078125
0 0.116477 0.317187 0.136364 0.065625
0 0.309659 0.282031 0.142045 0.064062
0 0.951705 0.179688 0.096590 0.059375
0 0.593750 0.250781 0.113636 0.057813
0 0.460227 0.296094 0.125000 0.067187
0 0.264205 0.627344 0.159091 0.076563
0 0.764205 0.273438 0.130682 0.068750
0 0.596591 0.546094 0.142045 0.067187
0 0.274148 0.421875 0.161932 0.075000
0 0.708807 0.609375 0.127841 0.081250
0 0.306818 0.371094 0.147727 0.067187
0 0.909091 0.371875 0.130682 0.062500
0 0.343750 0.497656 0.159091 0.064062
0 0.771307 0.462500 0.144886 0.068750
0 0.478693 0.670313 0.139205 0.078125
0 0.657670 0.360938 0.127841 0.068750
0 0.268466 0.564062 0.167614 0.068750
0 0.519886 0.428125 0.136364 0.071875
0 0.099432 0.772656 0.164773 0.089063