0 0.031250 0.878125 0.062500 0.109375
0 0.730114 0.252344 0.119318 0.054688
0 0.164773 0.270312 0.130682 0.062500
0 0.806818 0.483594 0.142045 0.070313
0 0.349432 0.688281 0.147727 0.085938
0 0.568182 0.535156 0.147727 0.070313
0 0.134943 0.669531 0.173295 0.082812
0 0.444602 0.250781 0.127841 0.057813
0 0.558239 0.596875 0.144886 0.081250
0 0.440341 0.315625 0.113636 0.056250
0 0.639205 0.390625 0.147727 0.065625
0 0.856534 0.535156 0.133523 0.067187
0 0.737216 0.304688 0.122159 0.056250
0 0.572443 0.434375 0.144886 0.068750
0 0.161932 0.601562 0.159091 0.065625
0 0.288352 0.368750 0.139205 0.068750
0 0.167614 0.475781 0.153409 0.070313
0 0.921875 0.338281 0.122159 0.060937
0 0.897727 0.620313 0.119318 0.075000
1 0.638675 0.707627 0.154083 0.067797