0 0.235795 0.246875 0.142045 0.075000
0 0.913352 0.577344 0.133523 0.076563
0 0.767045 0.382812 0.125000 0.062500
0 0.487216 0.378125 0.122159 0.062500
0 0.849432 0.454688 0.107955 0.068750
0 0.196023 0.499219 0.142045 0.073438
0 0.275568 0.572656 0.153409 0.070313
0 0.237216 0.953906 0.161932 0.092188
0 0.433239 0.489062 0.127841 0.068750
0 0.589489 0.635156 0.144886 0.076563
0 0.639205 0.539844 0.142045 0.073438
0 0.616477 0.257031 0.136364 0.067187
0 0.299716 0.728125 0.133523 0.087500
0 0.426810 0.824153 0.138675 0.101695