0 0.129261 0.265625 0.133523 0.065625
0 0.816761 0.353125 0.133523 0.059375
0 0.886364 0.115625 0.096591 0.050000
0 0.691761 0.471094 0.139205 0.064062
0 0.414773 0.271875 0.125000 0.056250
0 0.028409 0.767969 0.056818 0.079687
0 0.650568 0.314844 0.119318 0.064062
0 0.465909 0.414844 0.136364 0.073438
0 0.867898 0.531250 0.116477 0.065625
0 0.710227 0.232031 0.107955 0.057813
0 0.284091 0.685156 0.113636 0.064062
0 0.113636 0.889063 0.159091 0.075000
0 0.495739 0.560156 0.122159 0.073438
0 0.106534 0.572656 0.116477 0.064062
0 0.873580 0.596875 0.127841 0.075000