0 0.610795 0.397656 0.159091 0.064062
0 0.669034 0.319531 0.139205 0.064062
0 0.931818 0.315625 0.130682 0.053125
0 0.545455 0.646875 0.130682 0.078125
0 0.867898 0.281250 0.122159 0.056250
0 0.802557 0.209375 0.099432 0.050000
0 0.833807 0.351562 0.127841 0.056250
0 0.073864 0.647656 0.142045 0.067187
0 0.833807 0.412500 0.133523 0.056250
0 0.377841 0.323438 0.142045 0.062500
0 0.508523 0.286719 0.130682 0.060937
0 0.382102 0.379687 0.150568 0.056250
0 0.633523 0.464844 0.176136 0.079687
0 0.235795 0.621875 0.159091 0.071875
0 0.223011 0.451562 0.161932 0.071875
0 0.269886 0.560156 0.164773 0.067187
0 0.312500 0.732031 0.130682 0.073438
0 0.525568 0.585156 0.147727 0.070313
0 0.235795 0.217187 0.125000 0.056250
0 0.875000 0.517969 0.125000 0.070313
0 0.184659 0.309375 0.164773 0.071875
0 0.416193 0.454688 0.161932 0.071875
0 0.065341 0.907031 0.130682 0.085938
0 0.600852 0.234375 0.116477 0.053125
0 0.066761 0.410937 0.133522 0.071875
0 0.359375 0.242188 0.133523 0.059375