0 0.156250 0.307813 0.113636 0.053125
0 0.069602 0.515625 0.133523 0.078125
0 0.500000 0.452344 0.164773 0.079687
0 0.213068 0.516406 0.164773 0.073438
0 0.110795 0.384375 0.159091 0.065625
0 0.730114 0.476562 0.142045 0.075000
0 0.950284 0.272656 0.099432 0.060937
0 0.731534 0.417969 0.144886 0.073438
0 0.782670 0.239063 0.122159 0.062500
0 0.896307 0.567187 0.144886 0.068750
0 0.917614 0.642187 0.136364 0.078125
0 0.147727 0.443750 0.164773 0.068750
0 0.325284 0.546094 0.173295 0.085938
0 0.156250 0.676562 0.153409 0.078125
0 0.332386 0.325781 0.136364 0.070313
0 0.475852 0.367188 0.150568 0.075000
0 0.575284 0.659375 0.173295 0.100000
0 0.667614 0.308594 0.142045 0.073438
0 0.093750 0.842188 0.176136 0.100000
0 0.553977 0.218750 0.125000 0.059375