0 0.443994 0.324958 0.048701 0.098814
0 0.497159 0.197205 0.057630 0.080463
0 0.558847 0.112507 0.057630 0.100226
0 0.699675 0.144269 0.045455 0.090344
0 0.838474 0.104037 0.051948 0.108696
0 0.905438 0.347544 0.064123 0.110107
0 0.956981 0.823970 0.064935 0.117165
0 0.819399 0.617165 0.056006 0.087521
0 0.752435 0.476708 0.053571 0.088933
0 0.692370 0.230378 0.055195 0.079051
0 0.515422 0.378600 0.061688 0.087521
0 0.443182 0.719509 0.055195 0.114342
0 0.505276 0.757623 0.051136 0.119989
0 0.557224 0.663043 0.059253 0.100226
0 0.610795 0.818323 0.052760 0.114342
0 0.674107 0.792914 0.059253 0.097403
0 0.683036 0.585404 0.060877 0.119989
0 0.637175 0.506352 0.050325 0.091756