0 0.447646 0.250847 0.044643 0.103049
0 0.502029 0.161914 0.054383 0.088933
0 0.551948 0.080745 0.056818 0.095991
0 0.678571 0.084274 0.045455 0.097403
0 0.661526 0.183089 0.050325 0.097403
0 0.739448 0.381423 0.038961 0.087521
0 0.810877 0.526115 0.060065 0.074816
0 0.909091 0.314370 0.063312 0.094579
0 0.967532 0.739272 0.060065 0.111519
0 0.685877 0.759034 0.056818 0.103049
0 0.680195 0.594579 0.048701 0.098814
0 0.614448 0.826793 0.056818 0.119989
0 0.562906 0.655280 0.054383 0.104461
0 0.511364 0.764681 0.047078 0.117165
0 0.454140 0.622106 0.041396 0.114342
0 0.542614 0.356719 0.047890 0.086110
0 0.621753 0.503529 0.053571 0.091756