0 0.462662 0.058865 0.050325 0.088933
0 0.538961 0.129447 0.058442 0.094579
0 0.577922 0.084274 0.060065 0.103049
0 0.621347 0.271316 0.054383 0.101637
0 0.535714 0.387775 0.061688 0.117165
0 0.528815 0.777386 0.052760 0.114342
0 0.580357 0.679277 0.055195 0.101637
0 0.636364 0.832439 0.058442 0.119989
0 0.664773 0.574816 0.048701 0.093168
0 0.641640 0.480237 0.056006 0.138340
0 0.752841 0.651750 0.060877 0.094579
0 0.950081 0.514822 0.051136 0.114342
0 0.760552 0.329193 0.060065 0.090344
0 0.963474 0.242377 0.073052 0.108696
0 0.722403 0.149209 0.050325 0.091756