0 0.595779 0.303077 0.066558 0.128458
0 0.645292 0.125918 0.056818 0.104461
0 0.759334 0.192264 0.067370 0.090344
0 0.912744 0.387775 0.057630 0.119989
0 0.772727 0.554348 0.073052 0.119989
0 0.674107 0.457651 0.059253 0.084698
0 0.700893 0.515528 0.062500 0.101637
0 0.598620 0.631988 0.062500 0.105872
0 0.533279 0.778091 0.060065 0.118577
0 0.638393 0.808442 0.068994 0.131282
0 0.663961 0.907962 0.064935 0.132693
0 0.973214 0.448475 0.053571 0.108696
0 0.516234 0.144975 0.061688 0.108696
0 0.560065 0.122388 0.050325 0.111519