0 0.431818 0.535997 0.038961 0.091756
0 0.502841 0.324958 0.044643 0.090344
0 0.592938 0.312959 0.047890 0.100226
0 0.641234 0.551525 0.051948 0.119989
0 0.665179 0.694805 0.059253 0.064935
0 0.891640 0.564935 0.059253 0.090344
0 0.829951 0.315782 0.043019 0.094579
0 0.778003 0.341191 0.051136 0.086110
0 0.742289 0.422360 0.051136 0.104461
0 0.758117 0.780209 0.042208 0.088933
0 0.781656 0.904433 0.055195 0.094579
0 0.503653 0.760446 0.046266 0.108696
0 0.465097 0.628458 0.053571 0.098814
0 0.523133 0.898786 0.056006 0.134105