0 0.433847 0.503529 0.043019 0.097403
0 0.498377 0.297431 0.048701 0.100226
0 0.588474 0.272727 0.053571 0.093168
0 0.732143 0.379305 0.053571 0.111519
0 0.758929 0.310136 0.037338 0.088933
0 0.831169 0.275551 0.048701 0.101637
0 0.893669 0.519763 0.053571 0.090344
0 0.791802 0.861378 0.049513 0.093168
0 0.761364 0.715274 0.051948 0.086110
0 0.663555 0.652456 0.054383 0.090344
0 0.474838 0.576934 0.042208 0.091756
0 0.504058 0.754800 0.045455 0.108696
0 0.540584 0.864907 0.058442 0.111519
0 0.641234 0.567053 0.040584 0.111519