0 0.519075 0.444241 0.051136 0.119989
0 0.458198 0.116036 0.049513 0.104461
0 0.531656 0.128741 0.056818 0.107284
0 0.568994 0.078628 0.048701 0.080463
0 0.633929 0.072276 0.056818 0.090344
0 0.710227 0.210615 0.047078 0.093168
0 0.774756 0.378600 0.043019 0.090344
0 0.952516 0.280491 0.072240 0.100226
0 0.956169 0.583992 0.058442 0.111519
0 0.731331 0.675748 0.068182 0.111519
0 0.666802 0.583286 0.059253 0.104461
0 0.641234 0.490119 0.051948 0.098814
0 0.605925 0.323546 0.046266 0.084698
0 0.575081 0.682101 0.057630 0.112931
0 0.523945 0.776680 0.054383 0.121400
0 0.634740 0.838086 0.061688 0.119989