0 0.457386 0.096273 0.060877 0.110107
0 0.536526 0.137916 0.060065 0.091756
0 0.573458 0.080040 0.057630 0.091756
0 0.628247 0.058159 0.058442 0.098814
0 0.717127 0.185912 0.057630 0.103049
0 0.773539 0.372247 0.047078 0.077640
0 0.664773 0.585404 0.056818 0.103049
0 0.642451 0.492236 0.062500 0.103049
0 0.524756 0.425889 0.057630 0.119989
0 0.614448 0.308018 0.051948 0.098814
0 0.954951 0.269198 0.073864 0.094579
0 0.959821 0.567758 0.051136 0.127047
0 0.740666 0.668690 0.068994 0.119989
0 0.635146 0.833851 0.060877 0.117165
0 0.528003 0.780209 0.057630 0.119989
0 0.577922 0.684924 0.064935 0.110107