0 0.446834 0.298842 0.047890 0.088933
0 0.504058 0.183089 0.060065 0.086110
0 0.554789 0.099802 0.046266 0.105872
0 0.446429 0.691276 0.051948 0.114342
0 0.507711 0.756211 0.049513 0.105872
0 0.558442 0.652456 0.061688 0.110107
0 0.521104 0.364483 0.048701 0.101637
0 0.628653 0.499294 0.057630 0.083286
0 0.695211 0.128741 0.046266 0.087521
0 0.841721 0.093450 0.047078 0.101637
0 0.906250 0.339074 0.067370 0.101637
0 0.745536 0.456945 0.043019 0.083286
0 0.686688 0.582580 0.060065 0.128458
0 0.814529 0.582580 0.054383 0.088933
0 0.961445 0.805618 0.065747 0.114342
0 0.678571 0.790090 0.064935 0.103049
0 0.612419 0.823264 0.054383 0.107284
0 0.691153 0.211321 0.051136 0.083286