0 0.441153 0.380011 0.047890 0.093168
0 0.495942 0.240260 0.055195 0.081875
0 0.564123 0.152739 0.056818 0.112931
0 0.717127 0.185912 0.044643 0.088933
0 0.828734 0.169678 0.053571 0.101637
0 0.898945 0.396245 0.059253 0.094579
0 0.817370 0.692688 0.058442 0.094579
0 0.772321 0.567758 0.038149 0.095991
0 0.683442 0.604461 0.061688 0.110107
0 0.708198 0.277668 0.062500 0.086110
0 0.641640 0.525409 0.067370 0.093168
0 0.496753 0.440006 0.045455 0.094579
0 0.558036 0.691982 0.047890 0.107284
0 0.643263 0.829616 0.057630 0.097403
0 0.605519 0.823264 0.056818 0.112931
0 0.506899 0.754094 0.047890 0.112931
0 0.420455 0.780209 0.061688 0.117165