0 0.450081 0.158385 0.052760 0.087521
0 0.534091 0.130152 0.050325 0.101637
0 0.568994 0.076510 0.050325 0.101637
0 0.641640 0.100508 0.056006 0.107284
0 0.705357 0.257905 0.051948 0.094579
0 0.781250 0.401892 0.049513 0.108696
0 0.670860 0.590344 0.065747 0.107284
0 0.642857 0.480943 0.058442 0.108696
0 0.592938 0.333427 0.052760 0.101637
0 0.499188 0.491530 0.073052 0.110107
0 0.521916 0.771033 0.047078 0.112931
0 0.575893 0.679983 0.054383 0.105872
0 0.625812 0.836674 0.056818 0.111519
0 0.719562 0.706098 0.060877 0.107284
0 0.956169 0.631988 0.063312 0.134105
0 0.948458 0.293196 0.073864 0.100226