0 0.651786 0.113213 0.051948 0.118577
0 0.600649 0.285432 0.063312 0.115754
0 0.598620 0.618577 0.051136 0.115754
0 0.534091 0.782326 0.055195 0.124224
0 0.641640 0.814088 0.059253 0.100226
0 0.676948 0.465415 0.058442 0.105872
0 0.709821 0.519057 0.072240 0.086110
0 0.777597 0.555054 0.064935 0.112931
0 0.905032 0.372247 0.051948 0.111519
0 0.968750 0.425184 0.052760 0.098814
0 0.754464 0.175325 0.060877 0.081875
0 0.669643 0.902315 0.061688 0.127047
0 0.516234 0.148504 0.056818 0.112931
0 0.556818 0.135093 0.045455 0.108696