0 0.450081 0.267787 0.039773 0.100226
0 0.502029 0.168972 0.057630 0.086110
0 0.553571 0.091333 0.066558 0.111519
0 0.672890 0.189441 0.056818 0.087521
0 0.685065 0.100508 0.047078 0.110107
0 0.849026 0.063806 0.058442 0.101637
0 0.906250 0.320017 0.073864 0.097403
0 0.738231 0.402597 0.041396 0.093168
0 0.814935 0.549407 0.063312 0.095991
0 0.682224 0.773151 0.062500 0.111519
0 0.681006 0.582580 0.056818 0.122812
0 0.613231 0.823970 0.059253 0.111519
0 0.564123 0.657397 0.056818 0.108696
0 0.508929 0.761152 0.051948 0.124224
0 0.448864 0.644692 0.053571 0.114342
0 0.533685 0.360248 0.052760 0.081875
0 0.618912 0.496471 0.064123 0.088933
0 0.965503 0.766798 0.064123 0.115754