0 0.447240 0.281197 0.043831 0.095991
0 0.500406 0.171090 0.060877 0.081875
0 0.553166 0.090627 0.052760 0.104461
0 0.683036 0.204263 0.051136 0.074816
0 0.686282 0.116036 0.049513 0.107284
0 0.849026 0.077922 0.064935 0.115754
0 0.908279 0.326369 0.064935 0.104461
0 0.816153 0.569170 0.064123 0.076228
0 0.741883 0.430830 0.043831 0.093168
0 0.688718 0.582580 0.051136 0.128458
0 0.680601 0.778091 0.064123 0.104461
0 0.613636 0.824675 0.055195 0.112931
0 0.557630 0.658103 0.066558 0.110107
0 0.507711 0.759740 0.052760 0.107284
0 0.450081 0.670102 0.054383 0.117165
0 0.532468 0.365895 0.056818 0.104461
0 0.623377 0.503529 0.060065 0.088933
0 0.963068 0.788679 0.065747 0.122812