0 0.448052 0.239554 0.048701 0.094579
0 0.506494 0.156973 0.051948 0.087521
0 0.558442 0.072276 0.055195 0.095991
0 0.653409 0.179560 0.060065 0.098814
0 0.676542 0.073687 0.056006 0.110107
0 0.734984 0.362366 0.044643 0.086110
0 0.805195 0.501412 0.058442 0.081875
0 0.914367 0.315076 0.070617 0.104461
0 0.626218 0.500000 0.049513 0.084698
0 0.671266 0.597403 0.050325 0.084698
0 0.687500 0.744212 0.061688 0.110107
0 0.964692 0.715274 0.060877 0.114342
0 0.622159 0.828204 0.056006 0.114342
0 0.510552 0.765387 0.048701 0.110107
0 0.566153 0.662338 0.056006 0.121400
0 0.549107 0.349661 0.052760 0.094579
0 0.452922 0.595991 0.061688 0.118577