0 0.451299 0.210615 0.045455 0.090344
0 0.526786 0.143563 0.047078 0.097403
0 0.567370 0.070864 0.051948 0.090344
0 0.649756 0.149209 0.056006 0.111519
0 0.668019 0.049689 0.042208 0.095991
0 0.721591 0.323546 0.045455 0.081875
0 0.803977 0.459063 0.038149 0.081875
0 0.931412 0.304489 0.065747 0.097403
0 0.966315 0.701863 0.065747 0.118577
0 0.695617 0.730096 0.058442 0.110107
0 0.668019 0.605167 0.047078 0.094579
0 0.573864 0.331310 0.058442 0.117165
0 0.471591 0.551525 0.048701 0.117165
0 0.517451 0.774562 0.052760 0.122812
0 0.571023 0.663043 0.052760 0.114342
0 0.625000 0.835968 0.051948 0.121400
0 0.625812 0.509176 0.053571 0.097403