0 0.431412 0.521174 0.043019 0.095991
0 0.502435 0.312253 0.045455 0.090344
0 0.590503 0.293902 0.044643 0.098814
0 0.636769 0.564229 0.047890 0.111519
0 0.666396 0.672925 0.045455 0.083286
0 0.737825 0.400480 0.053571 0.111519
0 0.766234 0.322840 0.045455 0.083286
0 0.829545 0.288961 0.045455 0.100226
0 0.890828 0.541643 0.059253 0.094579
0 0.761364 0.746330 0.048701 0.094579
0 0.787338 0.891728 0.060065 0.097403
0 0.529221 0.886081 0.058442 0.094579
0 0.503247 0.760446 0.047078 0.114342
0 0.470373 0.605872 0.051136 0.095991