0 0.452516 0.137916 0.054383 0.103049
0 0.526380 0.127329 0.056006 0.101637
0 0.573052 0.084274 0.068182 0.100226
0 0.643669 0.092038 0.058442 0.104461
0 0.708198 0.240260 0.047890 0.087521
0 0.777597 0.389893 0.053571 0.095991
0 0.944399 0.284726 0.070617 0.103049
0 0.956575 0.605872 0.059253 0.121400
0 0.727679 0.696923 0.067370 0.114342
0 0.668831 0.586815 0.066558 0.103049
0 0.640016 0.478120 0.054383 0.105872
0 0.601461 0.334133 0.055195 0.080463
0 0.505276 0.474591 0.060877 0.115754
0 0.523539 0.774562 0.056818 0.128458
0 0.574675 0.677866 0.061688 0.104461
0 0.631899 0.838086 0.054383 0.128458