0 0.440341 0.358837 0.046266 0.093168
0 0.497971 0.228261 0.054383 0.083286
0 0.556412 0.133682 0.056006 0.103049
0 0.711039 0.169678 0.042208 0.095991
0 0.832386 0.149915 0.046266 0.101637
0 0.899756 0.373659 0.059253 0.103049
0 0.945211 0.856437 0.062500 0.105872
0 0.819399 0.664455 0.057630 0.088933
0 0.767045 0.533173 0.042208 0.080463
0 0.684253 0.596697 0.068182 0.108696
0 0.703734 0.257905 0.058442 0.080463
0 0.503247 0.411773 0.050325 0.074816
0 0.427354 0.751976 0.052760 0.105872
0 0.504058 0.758329 0.050325 0.112931
0 0.603896 0.824675 0.045455 0.098814
0 0.654627 0.814794 0.057630 0.101637
0 0.558847 0.675042 0.049513 0.112931
0 0.640016 0.514116 0.062500 0.095991