0 0.450081 0.179560 0.044643 0.098814
0 0.525568 0.132976 0.056006 0.095991
0 0.566964 0.078628 0.054383 0.100226
0 0.647321 0.125212 0.059253 0.105872
0 0.713068 0.283315 0.060877 0.094579
0 0.799513 0.430124 0.051948 0.088933
0 0.944399 0.296725 0.067370 0.110107
0 0.961039 0.662338 0.063312 0.107284
0 0.704951 0.718803 0.060877 0.121400
0 0.669237 0.585404 0.072240 0.108696
0 0.637581 0.500000 0.072240 0.090344
0 0.584821 0.341897 0.054383 0.107284
0 0.483360 0.512705 0.064123 0.115754
0 0.519075 0.771739 0.054383 0.117165
0 0.571834 0.675748 0.054383 0.111519
0 0.625406 0.845144 0.054383 0.122812