0 0.452110 0.192264 0.050325 0.095991
0 0.524756 0.135799 0.049513 0.095991
0 0.567370 0.072981 0.053571 0.086110
0 0.644886 0.137211 0.062500 0.101637
0 0.714286 0.300960 0.055195 0.087521
0 0.801542 0.450593 0.039773 0.084698
0 0.939529 0.304489 0.064123 0.114342
0 0.961445 0.682101 0.062500 0.104461
0 0.698458 0.720920 0.060877 0.119989
0 0.673295 0.588227 0.064123 0.111519
0 0.631899 0.837380 0.067370 0.118577
0 0.517857 0.771739 0.056818 0.111519
0 0.481737 0.531056 0.056006 0.118577
0 0.570617 0.667278 0.058442 0.108696
0 0.577922 0.330604 0.056818 0.104461
0 0.631899 0.511293 0.062500 0.093168