0 0.461445 0.085686 0.057630 0.103049
0 0.539367 0.140034 0.065747 0.101637
0 0.571023 0.082157 0.057630 0.087521
0 0.620942 0.296725 0.053571 0.104461
0 0.532468 0.401892 0.061688 0.117165
0 0.526786 0.775268 0.053571 0.121400
0 0.584416 0.677866 0.056818 0.118577
0 0.666802 0.576228 0.051136 0.098814
0 0.640422 0.485884 0.058442 0.110107
0 0.759740 0.344720 0.060065 0.093168
0 0.719562 0.176736 0.043019 0.098814
0 0.746753 0.658809 0.066558 0.105872
0 0.634740 0.831028 0.056818 0.114342
0 0.950893 0.545172 0.057630 0.118577
0 0.960227 0.252964 0.073052 0.098814