0 0.450081 0.224732 0.051136 0.095991
0 0.511769 0.148504 0.051136 0.070582
0 0.560065 0.075805 0.056818 0.088933
0 0.669237 0.062394 0.052760 0.095991
0 0.650974 0.166855 0.058442 0.095991
0 0.563718 0.335545 0.052760 0.105872
0 0.459416 0.574111 0.058442 0.122812
0 0.512987 0.769622 0.050325 0.124224
0 0.565747 0.662338 0.058442 0.127047
0 0.690747 0.738566 0.064935 0.115754
0 0.670860 0.600932 0.054383 0.108696
0 0.628247 0.502823 0.053571 0.098814
0 0.727679 0.347544 0.051136 0.098814
0 0.802760 0.483060 0.050325 0.095991
0 0.920049 0.313665 0.064123 0.110107
0 0.966721 0.711745 0.066558 0.115754
0 0.620130 0.828910 0.055195 0.115754