0 0.074730 0.797669 0.149460 0.082627
0 0.053544 0.658898 0.107088 0.084746
0 0.061248 0.585805 0.122496 0.086864
0 0.211094 0.465042 0.138675 0.091102
0 0.305470 0.673729 0.165639 0.093220
0 0.419106 0.576271 0.154083 0.118644
0 0.594376 0.509534 0.165639 0.095339
0 0.561633 0.442797 0.192604 0.059322
0 0.567411 0.404661 0.150231 0.067797
0 0.858243 0.444915 0.184900 0.072034
0 0.877504 0.639831 0.169492 0.076271
0 0.925270 0.528602 0.149460 0.082627
0 0.902542 0.344280 0.165639 0.095339
0 0.852465 0.317797 0.119414 0.088983
0 0.952234 0.135593 0.095532 0.105932
0 0.788906 0.088983 0.154083 0.105932
1 0.342065 0.322034 0.123267 0.055085
1 0.347843 0.366525 0.150231 0.046610
1 0.677196 0.299788 0.192604 0.091102