0 0.222727 0.448125 0.163636 0.096250
0 0.292045 0.338750 0.147727 0.097500
0 0.564773 0.355000 0.161364 0.087500
0 0.502273 0.479375 0.140909 0.096250
0 0.438636 0.578125 0.168182 0.088750
0 0.451136 0.693750 0.156818 0.102500
0 0.157955 0.659375 0.156818 0.113750
0 0.750000 0.517500 0.145455 0.097500
0 0.648864 0.408750 0.138636 0.082500
0 0.857955 0.416250 0.147727 0.092500
0 0.847727 0.326250 0.159091 0.092500
0 0.842045 0.250000 0.125000 0.095000
0 0.685227 0.217500 0.161364 0.112500
0 0.759091 0.080000 0.104545 0.090000
0 0.944318 0.135000 0.111364 0.087500
0 0.856818 0.124375 0.113636 0.103750