0 0.848613 0.264831 0.157935 0.088983
0 0.623267 0.281780 0.169492 0.080508
0 0.282357 0.295551 0.119414 0.086864
0 0.702234 0.353814 0.173344 0.088983
0 0.798536 0.422669 0.181048 0.095339
0 0.858243 0.459746 0.169492 0.080508
0 0.731125 0.514831 0.192604 0.088983
0 0.661787 0.575212 0.184900 0.095339
0 0.671418 0.655720 0.188752 0.095339
0 0.268875 0.796610 0.154083 0.088983
0 0.220724 0.662076 0.150231 0.091102
0 0.253467 0.578390 0.154083 0.080508
0 0.372881 0.502119 0.161787 0.084746
0 0.209168 0.400424 0.134823 0.080508