0 0.339773 0.738750 0.138636 0.077500
0 0.313636 0.675000 0.186364 0.097500
0 0.257955 0.606875 0.175000 0.091250
0 0.227273 0.442500 0.177273 0.092500
0 0.220455 0.543125 0.163636 0.068750
0 0.370455 0.457500 0.145455 0.070000
0 0.630682 0.559375 0.165909 0.078750
0 0.689773 0.465000 0.129545 0.070000
0 0.589773 0.375000 0.129545 0.082500
0 0.862500 0.434375 0.147727 0.108750
0 0.770455 0.640625 0.154545 0.091250
0 0.756818 0.318750 0.122727 0.085000
0 0.825000 0.345625 0.150000 0.098750
0 0.688636 0.228750 0.150000 0.100000
0 0.838636 0.115000 0.136364 0.090000
0 0.879545 0.158750 0.140909 0.090000