0 0.125000 0.333750 0.168182 0.107500
0 0.153409 0.429375 0.161364 0.111250
0 0.412500 0.680000 0.175000 0.107500
0 0.778409 0.590625 0.175000 0.103750
0 0.745455 0.493750 0.195455 0.100000
0 0.510227 0.518750 0.152273 0.095000
0 0.493182 0.456875 0.159091 0.078750
0 0.759091 0.371875 0.159091 0.086250
0 0.934091 0.336875 0.131818 0.113750
0 0.784091 0.276875 0.163636 0.093750
0 0.853409 0.151875 0.120455 0.103750
0 0.959091 0.195625 0.081818 0.113750
0 0.648864 0.123750 0.134091 0.087500
0 0.611364 0.323750 0.136364 0.085000
0 0.460227 0.371250 0.147727 0.075000
0 0.710227 0.660000 0.165909 0.092500