0 0.151136 0.476875 0.161364 0.091250
0 0.122727 0.685625 0.195455 0.096250
0 0.162500 0.764375 0.175000 0.091250
0 0.593182 0.657500 0.177273 0.100000
0 0.342045 0.566250 0.161364 0.087500
0 0.450000 0.495625 0.163636 0.083750
0 0.371591 0.373125 0.170455 0.086250
0 0.596591 0.413125 0.143182 0.088750
0 0.686364 0.468750 0.168182 0.107500
0 0.892045 0.536875 0.156818 0.093750
0 0.760227 0.525000 0.143182 0.100000
0 0.839773 0.302500 0.138636 0.095000
0 0.682955 0.314375 0.161364 0.081250
0 0.706818 0.187500 0.145455 0.110000
0 0.815909 0.258750 0.150000 0.087500