0 0.625000 0.205000 0.145455 0.087500
0 0.914773 0.091875 0.134091 0.103750
0 0.731818 0.045000 0.172727 0.090000
0 0.771591 0.155625 0.125000 0.076250
0 0.855682 0.238750 0.156818 0.092500
0 0.869318 0.340625 0.147727 0.091250
0 0.714773 0.336875 0.161364 0.088750
0 0.352273 0.376250 0.177273 0.080000
0 0.581818 0.270000 0.154545 0.102500
0 0.596591 0.515625 0.156818 0.093750
0 0.407955 0.500000 0.161364 0.080000
0 0.238636 0.584375 0.172727 0.083750
0 0.286364 0.666250 0.136364 0.090000
0 0.550000 0.668750 0.159091 0.087500
0 0.754545 0.514375 0.154545 0.108750
0 0.909091 0.517500 0.159091 0.110000