0 0.147535 0.243644 0.127119 0.084746
0 0.066641 0.355932 0.119414 0.080508
0 0.261171 0.481992 0.115562 0.086864
0 0.109014 0.581568 0.134823 0.091102
0 0.051618 0.679025 0.103236 0.078390
0 0.116718 0.881356 0.127119 0.084746
0 0.444145 0.699153 0.134823 0.080508
0 0.469183 0.609110 0.146379 0.091102
0 0.580894 0.519068 0.146379 0.105932
0 0.738829 0.481992 0.169492 0.061441
0 0.696456 0.441737 0.200308 0.061441
0 0.553929 0.382415 0.146379 0.069915
0 0.544299 0.314619 0.165639 0.074153
0 0.761941 0.293432 0.169492 0.095339
0 0.800462 0.095339 0.123267 0.105932
0 0.965716 0.264831 0.068567 0.101695