0 0.791912 0.485612 0.149117 0.079137
0 0.655875 0.460432 0.117724 0.071942
0 0.420427 0.420144 0.149117 0.074820
0 0.334096 0.486331 0.122956 0.066187
0 0.182363 0.590647 0.133421 0.076259
0 0.417811 0.612230 0.154349 0.061871
0 0.356333 0.691367 0.146501 0.070504
0 0.818073 0.664748 0.149117 0.092086
0 0.718661 0.035252 0.138653 0.067626
0 0.606170 0.170504 0.117724 0.061871
0 0.680728 0.253237 0.125572 0.060432
0 0.833769 0.155396 0.096795 0.057554
0 0.633638 0.374820 0.125572 0.056115
0 0.912252 0.217266 0.122956 0.080576