0 0.357473 0.310381 0.138675 0.082627
0 0.286210 0.414195 0.111710 0.078390
0 0.428737 0.509534 0.134823 0.074153
0 0.336287 0.591102 0.142527 0.076271
0 0.261171 0.652542 0.138675 0.076271
0 0.311248 0.781780 0.123267 0.063559
0 0.623267 0.281780 0.169492 0.072034
0 0.871726 0.258475 0.165639 0.080508
0 0.752311 0.342161 0.181048 0.086864
0 0.852465 0.399364 0.173344 0.086864
0 0.921418 0.433263 0.157164 0.082627
0 0.808166 0.487288 0.192604 0.084746
0 0.731125 0.566737 0.208012 0.086864
0 0.738829 0.645127 0.223421 0.082627