0 0.195686 0.258475 0.130971 0.080508
0 0.363251 0.335805 0.119414 0.095339
0 0.049692 0.379237 0.099384 0.076271
0 0.176425 0.509534 0.161787 0.082627
0 0.070493 0.569915 0.119414 0.080508
0 0.424884 0.700212 0.134823 0.078390
0 0.708012 0.583686 0.161787 0.091102
0 0.550077 0.544492 0.138675 0.076271
0 0.544299 0.419492 0.196456 0.080508
0 0.584746 0.301907 0.154083 0.082627
0 0.798536 0.427966 0.196456 0.084746
0 0.963790 0.265890 0.072419 0.078390
0 0.761941 0.210805 0.123267 0.086864
0 0.879430 0.121822 0.196456 0.108051