0 0.240909 0.643750 0.190909 0.097500
0 0.378409 0.463125 0.206818 0.073750
0 0.403409 0.385625 0.215909 0.071250
0 0.367045 0.335625 0.147727 0.078750
0 0.557955 0.539375 0.161364 0.086250
0 0.944318 0.393750 0.111364 0.080000
0 0.801136 0.386250 0.161364 0.075000
0 0.692045 0.282500 0.115909 0.090000
0 0.729545 0.321250 0.104545 0.095000
0 0.644318 0.217500 0.143182 0.100000
0 0.888636 0.213125 0.136364 0.083750
0 0.712500 0.102500 0.102273 0.100000
0 0.910227 0.537500 0.134091 0.092500
0 0.895455 0.493125 0.159091 0.083750