0 0.129545 0.715000 0.172727 0.090000
0 0.295455 0.605000 0.154545 0.075000
0 0.260227 0.515625 0.170455 0.088750
0 0.318182 0.408125 0.145455 0.086250
0 0.527273 0.335625 0.150000 0.071250
0 0.692045 0.319375 0.115909 0.083750
0 0.643182 0.430625 0.145455 0.076250
0 0.632955 0.496250 0.175000 0.087500
0 0.895455 0.478125 0.159091 0.068750
0 0.900000 0.356875 0.181818 0.081250
0 0.843182 0.244375 0.140909 0.088750
0 0.884091 0.168750 0.113636 0.060000
0 0.673864 0.098750 0.129545 0.095000
0 0.751136 0.050625 0.134091 0.083750