0 0.796591 0.174375 0.120455 0.101250
0 0.668182 0.128125 0.136364 0.103750
0 0.861364 0.211250 0.122727 0.095000
0 0.913636 0.309375 0.136364 0.086250
0 0.615909 0.285625 0.109091 0.101250
0 0.687500 0.306875 0.125000 0.093750
0 0.454545 0.338125 0.159091 0.081250
0 0.428409 0.430625 0.147727 0.108750
0 0.079545 0.336250 0.140909 0.085000
0 0.068182 0.528750 0.136364 0.092500
0 0.211364 0.586250 0.118182 0.102500
0 0.265909 0.703750 0.140909 0.087500
0 0.454545 0.597500 0.131818 0.110000
0 0.686364 0.619375 0.181818 0.116250
0 0.647727 0.476250 0.163636 0.112500
0 0.861364 0.441250 0.131818 0.102500
0 0.686364 0.374375 0.136364 0.096250