0 0.218798 0.756356 0.154083 0.084746
0 0.209168 0.599576 0.165639 0.097458
0 0.211094 0.515890 0.200308 0.082627
0 0.191834 0.444915 0.192604 0.072034
0 0.245763 0.367585 0.130971 0.069915
0 0.474961 0.704449 0.204160 0.078390
0 0.844761 0.634534 0.173344 0.086864
0 0.688752 0.610169 0.177196 0.063559
0 0.632897 0.572034 0.173344 0.067797
0 0.586672 0.505297 0.188752 0.069915
0 0.598228 0.447034 0.196456 0.067797
0 0.904468 0.511653 0.161787 0.082627
0 0.923729 0.390890 0.130971 0.086864
0 0.731125 0.369703 0.146379 0.078390
0 0.923344 0.229873 0.153312 0.099576
1 0.488444 0.336864 0.177196 0.101695
1 0.794684 0.223517 0.142527 0.099576
1 0.686826 0.258475 0.104006 0.097458
1 0.455701 0.036017 0.150231 0.072034