0 0.778409 0.177500 0.156818 0.092500
0 0.588636 0.289375 0.163636 0.083750
0 0.707955 0.341875 0.115909 0.096250
0 0.727273 0.386875 0.168182 0.086250
0 0.752273 0.472500 0.195455 0.087500
0 0.512500 0.608125 0.161364 0.116250
0 0.154545 0.601875 0.163636 0.106250
0 0.292045 0.510625 0.147727 0.093750
0 0.295455 0.373750 0.136364 0.080000
0 0.425000 0.442500 0.145455 0.097500
0 0.105682 0.369375 0.184091 0.086250
0 0.236364 0.692500 0.213636 0.102500
0 0.892045 0.226250 0.161364 0.102500
0 0.611364 0.147500 0.140909 0.112500
0 0.805682 0.047500 0.134091 0.092500