0 0.264773 0.679375 0.175000 0.096250
0 0.569318 0.691250 0.161364 0.087500
0 0.656818 0.615000 0.195455 0.085000
0 0.650000 0.534375 0.190909 0.071250
0 0.368182 0.561875 0.227273 0.093750
0 0.311364 0.495625 0.177273 0.068750
0 0.328409 0.384375 0.206818 0.091250
0 0.518182 0.359375 0.150000 0.086250
0 0.705682 0.337500 0.147727 0.112500
0 0.901136 0.406875 0.147727 0.096250
0 0.693182 0.193750 0.163636 0.085000
0 0.857955 0.263125 0.134091 0.101250
0 0.705682 0.105000 0.165909 0.097500
0 0.843182 0.080000 0.145455 0.102500