0 0.631818 0.099375 0.154545 0.098750
0 0.798864 0.128750 0.134091 0.102500
0 0.886364 0.195000 0.140909 0.097500
0 0.613636 0.276875 0.127273 0.086250
0 0.717045 0.280000 0.125000 0.115000
0 0.725000 0.352500 0.127273 0.082500
0 0.461364 0.341875 0.200000 0.096250
0 0.125000 0.351875 0.145455 0.078750
0 0.115909 0.543125 0.154545 0.081250
0 0.298864 0.578125 0.129545 0.113750
0 0.329545 0.709375 0.172727 0.086250
0 0.521591 0.587500 0.156818 0.095000
0 0.753409 0.618125 0.170455 0.103750
0 0.497727 0.425625 0.168182 0.088750
0 0.705682 0.453125 0.165909 0.091250
0 0.867045 0.405625 0.120455 0.076250
0 0.937500 0.299375 0.125000 0.088750