0 0.076271 0.317797 0.138675 0.076271
0 0.090139 0.639831 0.180277 0.097458
0 0.055470 0.842161 0.110940 0.095339
0 0.500000 0.677966 0.138675 0.093220
0 0.390216 0.529661 0.127119 0.093220
0 0.216872 0.456568 0.127119 0.082627
0 0.199538 0.347458 0.138675 0.084746
0 0.521186 0.296610 0.157935 0.093220
0 0.611710 0.436441 0.146379 0.080508
0 0.669492 0.360169 0.138675 0.072034
0 0.709938 0.554025 0.173344 0.099576
0 0.917565 0.404661 0.164869 0.088983
0 0.810092 0.244703 0.181048 0.095339
0 0.948382 0.123941 0.103236 0.116525