0 0.181818 0.663750 0.195455 0.107500
0 0.381818 0.482500 0.200000 0.090000
0 0.268182 0.363125 0.159091 0.081250
0 0.245455 0.601250 0.245455 0.070000
0 0.637500 0.492500 0.165909 0.097500
0 0.734091 0.545000 0.140909 0.072500
0 0.848864 0.551875 0.115909 0.083750
0 0.457955 0.412500 0.156818 0.070000
0 0.626136 0.298125 0.147727 0.081250
0 0.780682 0.153125 0.161364 0.113750
0 0.928409 0.135625 0.138636 0.108750
0 0.857955 0.349375 0.134091 0.106250
0 0.945455 0.318125 0.109090 0.138750
0 0.737500 0.374375 0.147727 0.101250
0 0.805682 0.063750 0.134091 0.100000