0 0.345455 0.719375 0.195455 0.106250
0 0.267045 0.585000 0.170455 0.115000
0 0.136364 0.483125 0.177273 0.118750
0 0.234091 0.370625 0.172727 0.086250
0 0.435227 0.498125 0.193182 0.088750
0 0.689773 0.570000 0.197727 0.095000
0 0.503409 0.376250 0.238636 0.095000
0 0.575000 0.432500 0.150000 0.087500
0 0.825000 0.447500 0.186364 0.095000
0 0.817045 0.378125 0.175000 0.078750
0 0.817045 0.300000 0.143182 0.110000
0 0.665909 0.259375 0.163636 0.083750
0 0.904545 0.183750 0.118182 0.105000
0 0.779545 0.130000 0.131818 0.080000