0 0.179545 0.341875 0.163636 0.091250
0 0.194318 0.440625 0.156818 0.096250
0 0.086364 0.526250 0.136364 0.092500
0 0.443182 0.664375 0.177273 0.113750
0 0.806818 0.571875 0.159091 0.088750
0 0.798864 0.489375 0.156818 0.073750
0 0.579545 0.500625 0.136364 0.086250
0 0.539773 0.357500 0.129545 0.077500
0 0.803409 0.235000 0.129545 0.105000
0 0.953409 0.190625 0.093182 0.096250
0 0.827273 0.114375 0.150000 0.098750
0 0.807955 0.344375 0.143182 0.088750
0 0.546591 0.450625 0.143182 0.088750
0 0.661364 0.312500 0.131818 0.115000
0 0.773864 0.627500 0.184091 0.082500