0 0.065100 0.537076 0.130200 0.078390
0 0.369029 0.367585 0.107858 0.078390
0 0.320878 0.436441 0.173344 0.067797
0 0.338213 0.495763 0.154083 0.059322
0 0.332435 0.565678 0.204160 0.105932
0 0.305470 0.704449 0.142527 0.095339
0 0.455701 0.719280 0.204160 0.086864
0 0.906394 0.672669 0.157935 0.082627
0 0.775424 0.615466 0.165639 0.086864
0 0.734977 0.539195 0.184900 0.091102
0 0.686826 0.479873 0.181048 0.091102
0 0.684900 0.409958 0.146379 0.082627
0 0.948382 0.346398 0.103236 0.082627
0 0.940678 0.079449 0.118644 0.112288
0 0.862096 0.270127 0.123267 0.078390
1 0.590524 0.337924 0.196456 0.095339
1 0.727273 0.204449 0.130971 0.116525
1 0.650231 0.220339 0.161787 0.122881