0 0.227273 0.609375 0.163636 0.088750
0 0.086364 0.728750 0.145455 0.087500
0 0.215909 0.548125 0.150000 0.103750
0 0.229545 0.436250 0.163636 0.095000
0 0.435227 0.361250 0.129545 0.072500
0 0.652273 0.358750 0.136364 0.060000
0 0.606818 0.451250 0.159091 0.092500
0 0.634091 0.530000 0.145455 0.080000
0 0.875000 0.492500 0.136364 0.095000
0 0.846591 0.379375 0.156818 0.078750
0 0.831818 0.282500 0.140909 0.082500
0 0.771591 0.071875 0.134091 0.078750
0 0.657955 0.194375 0.125000 0.081250
0 0.884091 0.201875 0.113636 0.088750
0 0.606818 0.214375 0.127273 0.088750