0 0.763636 0.047500 0.127273 0.095000
0 0.904545 0.110625 0.140909 0.096250
0 0.755682 0.176250 0.129545 0.085000
0 0.659091 0.223125 0.150000 0.088750
0 0.815909 0.257500 0.159091 0.087500
0 0.859091 0.363750 0.186364 0.092500
0 0.681818 0.373125 0.145455 0.096250
0 0.586364 0.296250 0.145455 0.085000
0 0.534091 0.540625 0.168182 0.086250
0 0.718182 0.540000 0.172727 0.097500
0 0.888636 0.527500 0.150000 0.100000
0 0.497727 0.684375 0.168182 0.078750
0 0.217045 0.673125 0.138636 0.101250
0 0.156818 0.583125 0.131818 0.088750
0 0.305682 0.519375 0.184091 0.073750
0 0.313636 0.373750 0.200000 0.097500