0 0.314773 0.700625 0.179545 0.101250
0 0.338636 0.580000 0.168182 0.100000
0 0.376136 0.480625 0.152273 0.086250
0 0.104545 0.415000 0.127273 0.075000
0 0.501136 0.377500 0.129545 0.072500
0 0.667045 0.568750 0.165909 0.092500
0 0.667045 0.405625 0.156818 0.096250
0 0.632955 0.519375 0.156818 0.086250
0 0.736364 0.243125 0.127273 0.076250
0 0.855682 0.180625 0.138636 0.101250
0 0.948864 0.395000 0.102272 0.080000
0 0.828409 0.344375 0.134091 0.073750
0 0.662500 0.328750 0.156818 0.087500
0 0.673864 0.048750 0.165909 0.097500