0 0.343991 0.278602 0.127119 0.074153
0 0.492296 0.334746 0.130971 0.097458
0 0.222650 0.389831 0.138675 0.072034
0 0.338213 0.519068 0.161787 0.076271
0 0.303544 0.569915 0.100154 0.080508
0 0.126348 0.663136 0.161787 0.080508
0 0.041988 0.752119 0.083975 0.084746
0 0.588598 0.669492 0.154083 0.110169
0 0.852465 0.587924 0.188752 0.086864
0 0.825501 0.514831 0.173344 0.084746
0 0.765794 0.439619 0.146379 0.091102
0 0.950308 0.414195 0.099384 0.074153
0 0.760015 0.268008 0.204160 0.099576
0 0.869800 0.073093 0.177196 0.112288