0 0.334091 0.399375 0.150000 0.101250
0 0.302273 0.483125 0.200000 0.098750
0 0.159091 0.654375 0.163636 0.101250
0 0.532955 0.563125 0.134091 0.101250
0 0.872727 0.504375 0.150000 0.093750
0 0.863636 0.573125 0.131818 0.071250
0 0.925000 0.405000 0.131818 0.095000
0 0.754545 0.418750 0.131818 0.102500
0 0.686364 0.318750 0.095455 0.090000
0 0.657955 0.235000 0.102273 0.097500
0 0.880682 0.245625 0.125000 0.083750
0 0.738636 0.120000 0.118182 0.100000
0 0.938636 0.131250 0.122727 0.112500
0 0.767045 0.048125 0.138636 0.091250
0 0.353409 0.330000 0.175000 0.082500