0 0.081818 0.665000 0.127273 0.097500
0 0.395455 0.700000 0.168182 0.087500
0 0.395455 0.568125 0.145455 0.103750
0 0.181818 0.359375 0.140909 0.088750
0 0.167045 0.525000 0.152273 0.085000
0 0.518182 0.336250 0.131818 0.095000
0 0.550000 0.400000 0.150000 0.095000
0 0.589773 0.585625 0.170455 0.093750
0 0.787500 0.616250 0.156818 0.092500
0 0.743182 0.405000 0.150000 0.097500
0 0.909091 0.375625 0.122727 0.091250
0 0.769318 0.323750 0.138636 0.090000
0 0.628409 0.251875 0.134091 0.093750
0 0.751136 0.249375 0.129545 0.093750
0 0.797727 0.113125 0.127273 0.103750
0 0.912500 0.168750 0.111364 0.110000
0 0.613636 0.085000 0.127273 0.090000