0 0.068567 0.230932 0.123267 0.076271
0 0.243837 0.475636 0.119414 0.078390
0 0.374807 0.722458 0.157935 0.097458
0 0.401772 0.602754 0.173344 0.091102
0 0.045840 0.587924 0.091680 0.069915
0 0.488444 0.328390 0.154083 0.059322
0 0.517334 0.385593 0.157935 0.067797
0 0.471109 0.522246 0.134823 0.086864
0 0.646379 0.457627 0.200308 0.072034
0 0.665639 0.494703 0.161787 0.061441
0 0.727273 0.306144 0.169492 0.082627
0 0.932974 0.310381 0.134052 0.095339
0 0.942604 0.113347 0.114792 0.150424
0 0.831279 0.108051 0.115562 0.118644