1 0.482666 0.346398 0.127119 0.061441
1 0.507704 0.302966 0.123267 0.076271
1 0.752311 0.266949 0.134823 0.093220
0 0.168721 0.770127 0.161787 0.082627
0 0.422958 0.646186 0.177196 0.097458
0 0.203390 0.661017 0.154083 0.093220
0 0.209168 0.547669 0.142527 0.091102
0 0.315100 0.456568 0.115562 0.086864
0 0.053544 0.362288 0.107088 0.076271
0 0.530817 0.570975 0.184900 0.099576
0 0.717643 0.501059 0.196456 0.103814
0 0.646379 0.406780 0.208012 0.084746
0 0.871726 0.256356 0.150231 0.110169
0 0.917565 0.408898 0.164869 0.080508
0 0.938752 0.296610 0.122496 0.114407
0 0.898690 0.097458 0.157935 0.114407