0 0.848864 0.072500 0.138636 0.092500
0 0.946591 0.095000 0.097727 0.115000
0 0.669318 0.175000 0.161364 0.092500
0 0.818182 0.211875 0.150000 0.096250
0 0.829545 0.275625 0.145455 0.083750
0 0.627273 0.311250 0.136364 0.090000
0 0.704545 0.347500 0.127273 0.090000
0 0.876136 0.368125 0.138636 0.096250
0 0.597727 0.436250 0.172727 0.092500
0 0.386364 0.354375 0.154545 0.071250
0 0.322727 0.415625 0.145455 0.096250
0 0.087500 0.604375 0.120455 0.098750
0 0.111364 0.725625 0.122727 0.083750
0 0.294318 0.648125 0.156818 0.091250
0 0.570455 0.660000 0.172727 0.095000
0 0.823864 0.495000 0.152273 0.097500
0 0.719318 0.043125 0.156818 0.086250
0 0.555682 0.525625 0.188636 0.088750