0 0.124422 0.349576 0.127119 0.084746
0 0.380586 0.443856 0.146379 0.091102
0 0.295840 0.518008 0.146379 0.091102
0 0.272727 0.655720 0.177196 0.099576
0 0.216872 0.750000 0.142527 0.080508
0 0.047766 0.737288 0.095532 0.088983
0 0.461479 0.631356 0.169492 0.088983
0 0.604006 0.563559 0.200308 0.101695
0 0.773498 0.481992 0.215716 0.078390
0 0.646379 0.389831 0.177196 0.080508
0 0.931048 0.390890 0.137904 0.082627
0 0.959938 0.297669 0.080123 0.120763
0 0.869800 0.242585 0.161787 0.099576
0 0.875578 0.086864 0.173344 0.101695
1 0.517334 0.309322 0.134823 0.072034
1 0.528891 0.365466 0.219569 0.061441
1 0.729199 0.281780 0.111710 0.114407