1 0.274653 0.289195 0.165639 0.091102
0 0.775424 0.243644 0.173344 0.101695
0 0.819723 0.087924 0.169492 0.103814
0 0.785054 0.299788 0.215716 0.086864
0 0.889060 0.330508 0.184900 0.084746
0 0.862096 0.439619 0.169492 0.091102
0 0.844761 0.524364 0.181048 0.091102
0 0.906009 0.580508 0.187982 0.080508
0 0.577042 0.704449 0.192604 0.095339
0 0.422958 0.680085 0.138675 0.084746
0 0.139831 0.916314 0.150231 0.078390
0 0.091680 0.585805 0.107858 0.078390
0 0.471109 0.404661 0.173344 0.076271
0 0.473035 0.472458 0.169492 0.080508
0 0.386364 0.511653 0.134823 0.078390