1 0.413328 0.309322 0.119414 0.067797
1 0.411402 0.361229 0.123267 0.065678
1 0.698382 0.280720 0.157935 0.116525
0 0.107088 0.782839 0.161787 0.082627
0 0.380586 0.650424 0.177196 0.093220
0 0.137904 0.661017 0.177196 0.088983
0 0.153313 0.568856 0.161787 0.078390
0 0.272727 0.461864 0.138675 0.080508
0 0.480740 0.567797 0.169492 0.097458
0 0.657935 0.507415 0.169492 0.078390
0 0.594376 0.414195 0.181048 0.078390
0 0.902157 0.429025 0.195686 0.091102
0 0.929122 0.315678 0.141756 0.101695
0 0.881356 0.296610 0.154083 0.101695
0 0.923344 0.120763 0.153312 0.127119
0 0.761941 0.066737 0.177196 0.112288
0 0.395994 0.059322 0.177196 0.093220