0 0.288636 0.751250 0.140909 0.100000
0 0.243182 0.675000 0.200000 0.095000
0 0.172727 0.626250 0.177273 0.087500
0 0.151136 0.549375 0.188636 0.073750
0 0.169318 0.466875 0.156818 0.083750
0 0.327273 0.462500 0.150000 0.090000
0 0.525000 0.381875 0.154545 0.091250
0 0.735227 0.659375 0.165909 0.086250
0 0.573864 0.545625 0.202273 0.083750
0 0.646591 0.488125 0.147727 0.068750
0 0.834091 0.448125 0.163636 0.106250
0 0.718182 0.342500 0.131818 0.090000
0 0.671591 0.239375 0.156818 0.103750
0 0.865909 0.185000 0.145455 0.092500
0 0.812500 0.161250 0.115909 0.085000
0 0.736364 0.047500 0.145455 0.095000
0 0.798864 0.373125 0.143182 0.091250