0 0.271591 0.718125 0.147727 0.088750
0 0.478409 0.507500 0.125000 0.092500
0 0.627273 0.605000 0.131818 0.072500
0 0.250000 0.437500 0.104545 0.075000
0 0.406818 0.373125 0.163636 0.078750
0 0.672727 0.353125 0.100000 0.081250
0 0.919318 0.533125 0.129545 0.076250
0 0.806818 0.465000 0.136364 0.087500
0 0.825000 0.336250 0.150000 0.095000
0 0.680682 0.228125 0.125000 0.078750
0 0.879545 0.196875 0.150000 0.076250
0 0.693182 0.088750 0.127273 0.085000
0 0.761364 0.135000 0.109091 0.082500
0 0.276136 0.552500 0.138636 0.067500