0 0.139773 0.658750 0.129545 0.087500
0 0.328409 0.701250 0.129545 0.102500
0 0.353409 0.440000 0.115909 0.090000
0 0.179545 0.415000 0.172727 0.072500
0 0.634091 0.586875 0.145455 0.073750
0 0.407955 0.545625 0.129545 0.073750
0 0.593182 0.476250 0.109091 0.060000
0 0.532955 0.358750 0.134091 0.087500
0 0.855682 0.420625 0.129545 0.076250
0 0.935227 0.488750 0.120455 0.072500
0 0.737500 0.300625 0.115909 0.086250
0 0.861364 0.298750 0.122727 0.090000
0 0.876136 0.141875 0.138636 0.086250
0 0.712500 0.048125 0.125000 0.083750
0 0.688636 0.166250 0.127273 0.090000