0 0.698864 0.057500 0.175000 0.087500
0 0.865909 0.200625 0.140909 0.118750
0 0.729545 0.258125 0.154545 0.096250
0 0.646591 0.346875 0.147727 0.071250
0 0.456818 0.374375 0.145455 0.066250
0 0.617045 0.418750 0.188636 0.092500
0 0.928409 0.404375 0.143182 0.106250
0 0.804545 0.371250 0.140909 0.090000
0 0.571591 0.546250 0.156818 0.080000
0 0.607955 0.581875 0.138636 0.081250
0 0.271591 0.700000 0.161364 0.092500
0 0.271591 0.583125 0.161364 0.073750
0 0.311364 0.488750 0.150000 0.080000
0 0.064773 0.406875 0.129545 0.076250