0 0.235227 0.407500 0.165909 0.092500
0 0.278409 0.541250 0.120455 0.095000
0 0.342045 0.611250 0.120455 0.087500
0 0.380682 0.666250 0.138636 0.085000
0 0.405682 0.718125 0.175000 0.066250
0 0.820455 0.629375 0.181818 0.093750
0 0.692045 0.559375 0.175000 0.078750
0 0.446591 0.449375 0.156818 0.081250
0 0.729545 0.435000 0.136364 0.070000
0 0.887500 0.421875 0.147727 0.103750
0 0.626136 0.345625 0.120455 0.083750
0 0.773864 0.281875 0.115909 0.093750
0 0.859091 0.330000 0.154545 0.107500
0 0.739773 0.204375 0.120455 0.086250
0 0.897727 0.110625 0.127273 0.088750
0 0.838636 0.079375 0.136364 0.093750