0 0.270455 0.436250 0.172727 0.117500
0 0.335227 0.355625 0.193182 0.103750
0 0.589773 0.340625 0.175000 0.088750
0 0.669318 0.385625 0.120455 0.086250
0 0.546591 0.457500 0.138636 0.077500
0 0.497727 0.567500 0.172727 0.102500
0 0.063636 0.611875 0.127272 0.091250
0 0.250000 0.655000 0.200000 0.090000
0 0.505682 0.690000 0.179545 0.100000
0 0.797727 0.500000 0.154545 0.085000
0 0.877273 0.391875 0.150000 0.081250
0 0.828409 0.304375 0.156818 0.091250
0 0.807955 0.240625 0.138636 0.088750
0 0.679545 0.202500 0.122727 0.097500
0 0.857955 0.111250 0.134091 0.097500
0 0.739773 0.059375 0.138636 0.088750
0 0.943182 0.105000 0.086364 0.100000