0 0.067026 0.415254 0.134052 0.088983
0 0.066641 0.519068 0.119414 0.088983
0 0.247689 0.768008 0.173344 0.078390
0 0.392142 0.593220 0.161787 0.076271
0 0.411402 0.457627 0.154083 0.088983
0 0.488444 0.347458 0.215716 0.101695
0 0.305470 0.320975 0.165639 0.069915
0 0.663713 0.473517 0.181048 0.099576
0 0.682974 0.688559 0.204160 0.088983
0 0.938752 0.514831 0.122496 0.072034
0 0.864022 0.354873 0.196456 0.099576
0 0.840909 0.234110 0.196456 0.103814
0 0.746533 0.229873 0.161787 0.091102
0 0.889060 0.128178 0.154083 0.091102