0 0.164773 0.374375 0.147727 0.101250
0 0.081818 0.480625 0.159091 0.101250
0 0.354545 0.507500 0.136364 0.090000
0 0.392045 0.376875 0.138636 0.086250
0 0.493182 0.443125 0.131818 0.088750
0 0.569318 0.591875 0.156818 0.103750
0 0.290909 0.700625 0.163636 0.103750
0 0.210227 0.586875 0.188636 0.101250
0 0.807955 0.458125 0.143182 0.083750
0 0.775000 0.392500 0.172727 0.075000
0 0.630682 0.273125 0.152273 0.086250
0 0.778409 0.329375 0.143182 0.103750
0 0.893182 0.203125 0.136364 0.106250
0 0.720455 0.118750 0.118182 0.092500
0 0.778409 0.155625 0.120455 0.101250