0 0.168721 0.352754 0.192604 0.086864
0 0.954160 0.193856 0.091680 0.112288
0 0.854391 0.194915 0.130971 0.101695
0 0.777350 0.197034 0.115562 0.105932
1 0.713790 0.277542 0.134823 0.122881
0 0.790832 0.367585 0.119414 0.086864
0 0.552003 0.336864 0.142527 0.097458
0 0.959938 0.407839 0.080123 0.069915
0 0.498074 0.440678 0.165639 0.088983
0 0.278505 0.481992 0.157935 0.082627
0 0.147535 0.580508 0.150231 0.093220
0 0.055470 0.786017 0.110940 0.072034
0 0.453775 0.670551 0.184900 0.086864
0 0.598228 0.618644 0.196456 0.080508
0 0.532743 0.544492 0.181048 0.101695
0 0.875578 0.619703 0.181048 0.074153
0 0.781202 0.421610 0.161787 0.055085
0 0.486518 0.403602 0.150231 0.057203
0 0.790832 0.078390 0.165639 0.093220
0 0.706086 0.126059 0.157935 0.074153