0 0.206818 0.361250 0.177273 0.107500
0 0.403409 0.425625 0.129545 0.076250
0 0.297727 0.490000 0.159091 0.107500
0 0.165909 0.623125 0.186364 0.076250
0 0.105682 0.696875 0.143182 0.088750
0 0.575000 0.506250 0.159091 0.082500
0 0.670455 0.563750 0.136364 0.080000
0 0.802273 0.566250 0.140909 0.095000
0 0.607955 0.313125 0.125000 0.101250
0 0.815909 0.376250 0.131818 0.115000
0 0.938636 0.356875 0.122727 0.108750
0 0.800000 0.188125 0.136364 0.118750
0 0.822727 0.079375 0.145455 0.103750
0 0.944318 0.178125 0.111364 0.118750