0 0.051618 0.513771 0.103236 0.091102
0 0.376733 0.345339 0.115562 0.080508
0 0.349769 0.411017 0.115562 0.084746
0 0.513482 0.490466 0.173344 0.086864
0 0.424884 0.584746 0.150231 0.080508
0 0.313174 0.649364 0.142527 0.069915
0 0.363251 0.769068 0.165639 0.072034
0 0.773498 0.639831 0.169492 0.088983
0 0.773498 0.551907 0.177196 0.082627
0 0.848613 0.468220 0.181048 0.101695
0 0.914099 0.378178 0.142527 0.082627
0 0.813945 0.333686 0.165639 0.099576
0 0.636749 0.264831 0.181048 0.093220
0 0.873652 0.233051 0.154083 0.076271
0 0.948382 0.132415 0.103236 0.112288