0 0.597727 0.289375 0.145455 0.083750
0 0.748864 0.191250 0.125000 0.082500
0 0.935227 0.204375 0.129545 0.083750
0 0.943182 0.329375 0.113636 0.066250
0 0.850000 0.065625 0.131818 0.066250
0 0.563636 0.403125 0.122727 0.081250
0 0.707955 0.366250 0.120455 0.090000
0 0.727273 0.483125 0.140909 0.066250
0 0.632955 0.460000 0.129545 0.070000
0 0.369318 0.386250 0.161364 0.075000
0 0.153409 0.497500 0.120455 0.070000
0 0.406818 0.608125 0.140909 0.093750
0 0.426136 0.678750 0.129545 0.090000
0 0.100000 0.574375 0.127273 0.086250