0 0.057955 0.341875 0.115909 0.103750
0 0.236364 0.431875 0.118182 0.073750
0 0.182955 0.493750 0.165909 0.092500
0 0.430682 0.539375 0.147727 0.096250
0 0.502273 0.609375 0.100000 0.076250
0 0.698864 0.597500 0.129545 0.090000
0 0.584091 0.448750 0.159091 0.080000
0 0.725000 0.430000 0.122727 0.095000
0 0.862500 0.431250 0.115909 0.077500
0 0.457955 0.336875 0.129545 0.071250
0 0.555682 0.260000 0.134091 0.080000
0 0.772727 0.236250 0.159091 0.097500
0 0.909091 0.249375 0.131818 0.101250
0 0.861364 0.133125 0.154545 0.088750
0 0.700000 0.040000 0.136364 0.080000