0 0.769646 0.222458 0.123267 0.097458
0 0.781202 0.065678 0.123267 0.093220
0 0.917951 0.322034 0.157935 0.097458
0 0.806240 0.290254 0.188752 0.093220
0 0.523112 0.394068 0.161787 0.072034
0 0.513482 0.459746 0.173344 0.072034
0 0.442219 0.496822 0.138675 0.065678
0 0.164869 0.564619 0.130971 0.078390
0 0.063174 0.685381 0.126348 0.086864
0 0.157165 0.887712 0.146379 0.076271
0 0.463405 0.661017 0.134823 0.084746
0 0.588598 0.693856 0.177196 0.103814
0 0.925270 0.583686 0.149460 0.091102
0 0.889060 0.505297 0.177196 0.091102
0 0.916025 0.421610 0.154083 0.093220
0 0.061248 0.437500 0.122496 0.078390
1 0.291988 0.305085 0.154083 0.093220