0 0.213756 0.410072 0.143885 0.071942
0 0.096032 0.509353 0.138653 0.066187
0 0.450512 0.513669 0.146501 0.069065
0 0.510682 0.443165 0.125572 0.066187
0 0.734358 0.097122 0.128188 0.087770
0 0.756595 0.256115 0.120340 0.071942
0 0.914868 0.375540 0.112492 0.051799
0 0.893939 0.313669 0.107260 0.066187
0 0.721277 0.537410 0.175278 0.090647
0 0.222913 0.737410 0.167430 0.084892
0 0.224221 0.664029 0.122956 0.061871
0 0.689884 0.680576 0.149117 0.083453
0 0.591781 0.204317 0.120340 0.066187
0 0.566928 0.338849 0.102027 0.073381
0 0.632330 0.291367 0.107260 0.082014