0 0.211364 0.473750 0.163636 0.090000
0 0.413636 0.380000 0.145455 0.092500
0 0.413636 0.560000 0.127273 0.092500
0 0.507955 0.493125 0.143182 0.071250
0 0.180682 0.692500 0.206818 0.087500
0 0.231818 0.760000 0.227273 0.087500
0 0.643182 0.665000 0.177273 0.092500
0 0.918182 0.521250 0.154545 0.080000
0 0.795455 0.486250 0.145455 0.110000
0 0.663636 0.403125 0.150000 0.086250
0 0.693182 0.295625 0.150000 0.086250
0 0.840909 0.265000 0.131818 0.102500
0 0.801136 0.228125 0.138636 0.101250
0 0.784091 0.131250 0.150000 0.105000