0 0.257955 0.367500 0.165909 0.097500
0 0.101136 0.606250 0.147727 0.080000
0 0.148864 0.675000 0.143182 0.095000
0 0.457955 0.696250 0.165909 0.100000
0 0.860227 0.565000 0.147727 0.095000
0 0.652273 0.566875 0.168182 0.076250
0 0.456818 0.560625 0.168182 0.086250
0 0.607955 0.386250 0.179545 0.077500
0 0.801136 0.394375 0.152273 0.098750
0 0.564773 0.315000 0.188636 0.080000
0 0.630682 0.234375 0.106818 0.091250
0 0.771591 0.088125 0.147727 0.103750
0 0.918182 0.141250 0.145455 0.115000
0 0.765909 0.213750 0.131818 0.095000
0 0.944318 0.348750 0.111364 0.100000
0 0.806818 0.288125 0.159091 0.088750
0 0.253409 0.515000 0.156818 0.090000
0 0.584091 0.058750 0.127273 0.102500