0 0.128733 0.343885 0.156965 0.060432
0 0.184979 0.473381 0.143885 0.063309
0 0.318400 0.420863 0.112492 0.064748
0 0.534227 0.488489 0.151733 0.064748
0 0.324940 0.630935 0.136037 0.053237
0 0.538151 0.650360 0.159581 0.083453
0 0.887399 0.473381 0.120340 0.051799
0 0.859930 0.375540 0.138653 0.074820
0 0.722586 0.380576 0.125572 0.067626
0 0.597013 0.301439 0.083715 0.064748
0 0.713429 0.312950 0.107260 0.050360
0 0.780139 0.228058 0.104644 0.070504
0 0.632330 0.094245 0.091563 0.073381
0 0.763135 0.147482 0.102027 0.073381
0 0.937105 0.171223 0.104644 0.069065
0 0.893939 0.058273 0.096795 0.064748