0 0.096591 0.401875 0.161364 0.091250
0 0.301136 0.383750 0.147727 0.077500
0 0.567045 0.426875 0.147727 0.083750
0 0.417045 0.518125 0.138636 0.086250
0 0.461364 0.592500 0.150000 0.092500
0 0.077273 0.548125 0.131818 0.083750
0 0.068182 0.765000 0.136364 0.090000
0 0.448864 0.721250 0.188636 0.077500
0 0.497727 0.661875 0.177273 0.098750
0 0.769318 0.516875 0.156818 0.093750
0 0.889773 0.613750 0.156818 0.082500
0 0.818182 0.379375 0.127273 0.091250
0 0.912500 0.396250 0.125000 0.100000
0 0.694318 0.293125 0.138636 0.091250
0 0.873864 0.265000 0.129545 0.097500
0 0.785227 0.240625 0.125000 0.096250
0 0.742045 0.186875 0.152273 0.086250
0 0.904545 0.055000 0.127273 0.082500