0 0.090139 0.783898 0.180277 0.101695
0 0.447997 0.673729 0.165639 0.067797
0 0.478814 0.611229 0.181048 0.082627
0 0.372881 0.509534 0.192604 0.082627
0 0.428737 0.441737 0.142527 0.069915
0 0.130200 0.366525 0.123267 0.076271
0 0.754237 0.631356 0.184900 0.072034
0 0.931048 0.574153 0.137904 0.097458
0 0.786980 0.516949 0.165639 0.072034
0 0.817797 0.423729 0.142527 0.080508
0 0.615562 0.385593 0.184900 0.072034
0 0.898690 0.281780 0.134823 0.101695
0 0.800462 0.212924 0.130971 0.052966
1 0.365177 0.313559 0.177196 0.093220
1 0.692604 0.262712 0.107858 0.097458
1 0.798536 0.277542 0.150231 0.110169
0 0.931048 0.082627 0.137904 0.118644
0 0.773498 0.074153 0.138675 0.105932