0 0.328409 0.614375 0.165909 0.103750
0 0.089773 0.533125 0.152273 0.091250
0 0.223864 0.457500 0.206818 0.077500
0 0.112500 0.373750 0.188636 0.092500
0 0.103409 0.750625 0.188636 0.118750
0 0.635227 0.500000 0.188636 0.090000
0 0.486364 0.450000 0.204545 0.080000
0 0.447727 0.331250 0.186364 0.080000
0 0.529545 0.373125 0.190909 0.086250
0 0.884091 0.320000 0.145455 0.100000
0 0.756818 0.260625 0.140909 0.078750
0 0.701136 0.235000 0.097727 0.090000
0 0.639773 0.202500 0.134091 0.102500
0 0.675000 0.050625 0.145455 0.101250
0 0.856818 0.140000 0.131818 0.080000