0 0.105162 0.345339 0.150231 0.080508
0 0.239985 0.493644 0.142527 0.080508
0 0.095532 0.611229 0.169492 0.091102
0 0.438367 0.702331 0.223421 0.078390
0 0.484592 0.644068 0.200308 0.067797
0 0.473035 0.578390 0.208012 0.093220
0 0.482666 0.455508 0.211864 0.076271
0 0.494222 0.390890 0.227273 0.078390
0 0.525039 0.333686 0.211864 0.078390
0 0.837057 0.647246 0.119414 0.074153
0 0.965716 0.444915 0.068567 0.084746
0 0.810092 0.455508 0.181048 0.076271
0 0.786980 0.393008 0.150231 0.061441
0 0.804314 0.331568 0.130971 0.069915
0 0.936826 0.235169 0.126348 0.118644
0 0.810092 0.230932 0.127119 0.093220
0 0.840909 0.105932 0.165639 0.114407
1 0.702234 0.298729 0.150231 0.114407