0 0.115653 0.478417 0.120340 0.073381
0 0.252998 0.423022 0.128188 0.054676
0 0.252998 0.629496 0.138653 0.079137
0 0.447896 0.666187 0.136037 0.074820
0 0.474057 0.505755 0.141269 0.064748
0 0.828537 0.410072 0.122956 0.071942
0 0.824613 0.489928 0.162198 0.064748
0 0.608786 0.320144 0.075867 0.053237
0 0.655875 0.402158 0.159581 0.061871
0 0.614018 0.115827 0.107260 0.067626
0 0.755287 0.171223 0.096795 0.066187
0 0.944953 0.201439 0.094179 0.063309
0 0.787988 0.246043 0.109876 0.054676
0 0.880859 0.080576 0.133421 0.069065
0 0.705581 0.028058 0.122956 0.050360