1 0.384438 0.304025 0.184900 0.078390
0 0.168721 0.399364 0.154083 0.069915
0 0.199538 0.439619 0.154083 0.078390
0 0.305470 0.537076 0.173344 0.082627
0 0.168721 0.653602 0.123267 0.095339
0 0.239985 0.832627 0.150231 0.072034
0 0.629045 0.610169 0.173344 0.101695
0 0.642527 0.677966 0.200308 0.080508
0 0.615562 0.486229 0.208012 0.078390
0 0.625193 0.442797 0.157935 0.080508
0 0.617488 0.391949 0.157935 0.080508
0 0.848613 0.237288 0.157935 0.101695
0 0.923344 0.258475 0.153312 0.105932
0 0.958012 0.365466 0.083975 0.099576
0 0.709938 0.185381 0.157935 0.103814
0 0.948382 0.466102 0.103236 0.088983