0 0.213636 0.508125 0.145455 0.096250
0 0.122727 0.672500 0.131818 0.115000
0 0.496591 0.611875 0.143182 0.098750
0 0.288636 0.416250 0.145455 0.082500
0 0.286364 0.347500 0.159091 0.070000
0 0.835227 0.585000 0.138636 0.070000
0 0.861364 0.525625 0.150000 0.093750
0 0.882955 0.436250 0.147727 0.092500
0 0.700000 0.450625 0.150000 0.081250
0 0.647727 0.346250 0.154545 0.077500
0 0.686364 0.392500 0.127273 0.092500
0 0.664773 0.258750 0.143182 0.085000
0 0.864773 0.276875 0.143182 0.083750
0 0.945455 0.151875 0.109090 0.103750
0 0.797727 0.068125 0.140909 0.098750
0 0.769318 0.158125 0.120455 0.103750