0 0.576136 0.436250 0.165909 0.090000
0 0.280682 0.450000 0.152273 0.087500
0 0.170455 0.374375 0.168182 0.086250
0 0.156818 0.528750 0.140909 0.092500
0 0.395455 0.617500 0.195455 0.115000
0 0.139773 0.748125 0.152273 0.096250
0 0.667045 0.491250 0.147727 0.082500
0 0.585227 0.364375 0.161364 0.088750
0 0.475000 0.320625 0.159091 0.096250
0 0.869318 0.292500 0.143182 0.097500
0 0.773864 0.238125 0.129545 0.081250
0 0.705682 0.230625 0.129545 0.103750
0 0.648864 0.190000 0.152273 0.095000
0 0.840909 0.099375 0.140909 0.096250