0 0.076656 0.504237 0.153312 0.093220
0 0.434515 0.360169 0.123267 0.055085
0 0.457627 0.408898 0.169492 0.080508
0 0.374807 0.618644 0.142527 0.080508
0 0.473035 0.552966 0.161787 0.088983
0 0.563559 0.483051 0.142527 0.093220
0 0.419106 0.752119 0.177196 0.084746
0 0.821649 0.647246 0.211864 0.086864
0 0.831279 0.549788 0.200308 0.091102
0 0.852465 0.449153 0.157935 0.093220
0 0.932974 0.353814 0.134052 0.088983
0 0.869800 0.331568 0.169492 0.091102
0 0.682974 0.280720 0.188752 0.099576
0 0.865948 0.217161 0.169492 0.074153
0 0.915639 0.122881 0.168721 0.101695
0 0.923344 0.052966 0.153312 0.101695