1 0.286210 0.277542 0.142527 0.114407
1 0.669492 0.289195 0.115562 0.091102
1 0.748459 0.308263 0.165639 0.103814
0 0.274653 0.432203 0.150231 0.084746
0 0.501926 0.387712 0.173344 0.072034
0 0.226502 0.533898 0.169492 0.080508
0 0.301618 0.651483 0.150231 0.074153
0 0.370955 0.689619 0.188752 0.078390
0 0.688752 0.614407 0.161787 0.088983
0 0.571263 0.604873 0.165639 0.082627
0 0.665639 0.518008 0.161787 0.078390
0 0.729199 0.462924 0.165639 0.069915
0 0.864022 0.555085 0.173344 0.088983
0 0.835131 0.318856 0.161787 0.086864
0 0.952234 0.175847 0.095532 0.110169
0 0.829353 0.114407 0.142527 0.114407
1 0.696456 0.139831 0.146379 0.105932