0 0.943182 0.061250 0.113636 0.095000
0 0.845455 0.046250 0.145455 0.092500
0 0.682955 0.145000 0.138636 0.100000
0 0.807955 0.199375 0.115909 0.111250
0 0.842045 0.241875 0.129545 0.101250
0 0.886364 0.345625 0.140909 0.086250
0 0.842045 0.465625 0.152273 0.093750
0 0.706818 0.328750 0.145455 0.080000
0 0.622727 0.298125 0.140909 0.088750
0 0.455682 0.343750 0.156818 0.080000
0 0.376136 0.428750 0.193182 0.095000
0 0.143182 0.598125 0.145455 0.103750
0 0.377273 0.626875 0.145455 0.113750
0 0.200000 0.708750 0.145455 0.090000
0 0.630682 0.638125 0.170455 0.101250
0 0.595455 0.504375 0.145455 0.098750
0 0.652273 0.406875 0.172727 0.086250