0 0.281818 0.390000 0.163636 0.085000
0 0.347727 0.543750 0.140909 0.087500
0 0.405682 0.610625 0.129545 0.078750
0 0.444318 0.661875 0.188636 0.078750
0 0.455682 0.715000 0.179545 0.072500
0 0.847727 0.629375 0.177273 0.078750
0 0.738636 0.540625 0.150000 0.106250
0 0.505682 0.443750 0.156818 0.080000
0 0.784091 0.413125 0.127273 0.081250
0 0.922727 0.406875 0.150000 0.093750
0 0.662500 0.334375 0.120455 0.086250
0 0.778409 0.271250 0.115909 0.090000
0 0.865909 0.290625 0.127273 0.111250
0 0.746591 0.196250 0.125000 0.080000
0 0.904545 0.080000 0.140909 0.097500