0 0.725000 0.118750 0.136364 0.072500
0 0.839773 0.128125 0.120455 0.116250
0 0.698864 0.220625 0.129545 0.073750
0 0.669318 0.361875 0.129545 0.081250
0 0.830682 0.293750 0.106818 0.085000
0 0.926136 0.309375 0.138636 0.096250
0 0.877273 0.430000 0.136364 0.085000
0 0.268182 0.393750 0.113636 0.095000
0 0.485227 0.391250 0.170455 0.087500
0 0.237500 0.493750 0.138636 0.087500
0 0.594318 0.556875 0.179545 0.083750
0 0.575000 0.464375 0.150000 0.078750
0 0.523864 0.699375 0.156818 0.088750
0 0.622727 0.653125 0.177273 0.083750
0 0.206818 0.691875 0.195455 0.083750
0 0.272727 0.583750 0.154545 0.085000