1 0.239985 0.263771 0.134823 0.091102
1 0.688752 0.329449 0.161787 0.086864
1 0.723421 0.156780 0.123267 0.114407
0 0.345917 0.702331 0.130971 0.082627
0 0.243837 0.674788 0.150231 0.074153
0 0.147535 0.539195 0.150231 0.082627
0 0.184129 0.442797 0.130971 0.076271
0 0.419106 0.394068 0.146379 0.093220
0 0.492296 0.605932 0.154083 0.084746
0 0.623267 0.618644 0.208012 0.093220
0 0.813945 0.550847 0.173344 0.088983
0 0.578968 0.505297 0.173344 0.074153
0 0.634823 0.456568 0.130971 0.074153
0 0.796610 0.368644 0.154083 0.080508
0 0.831279 0.152542 0.138675 0.114407
0 0.944530 0.209746 0.110940 0.118644