1 0.553929 0.349576 0.146379 0.097458
1 0.761941 0.204449 0.115562 0.091102
1 0.667565 0.244703 0.088598 0.086864
0 0.265023 0.727754 0.154083 0.099576
0 0.453775 0.715042 0.184900 0.078390
0 0.272727 0.590042 0.177196 0.082627
0 0.268875 0.519068 0.169492 0.076271
0 0.245763 0.442797 0.130971 0.076271
0 0.309322 0.379237 0.127119 0.059322
0 0.865948 0.649364 0.154083 0.078390
0 0.733051 0.619703 0.165639 0.069915
0 0.711864 0.546610 0.154083 0.072034
0 0.646379 0.493644 0.208012 0.076271
0 0.646379 0.427966 0.138675 0.076271
0 0.779276 0.340042 0.157935 0.086864
0 0.948382 0.511653 0.103236 0.095339
0 0.944530 0.362288 0.110940 0.093220
0 0.908320 0.201271 0.154083 0.105932