1 0.201464 0.266949 0.150231 0.084746
1 0.070493 0.306144 0.111710 0.074153
1 0.488444 0.318856 0.161787 0.099576
0 0.249615 0.598517 0.138675 0.108051
0 0.307396 0.735169 0.138675 0.097458
0 0.729199 0.673729 0.165639 0.088983
0 0.790832 0.591102 0.165639 0.080508
0 0.440293 0.534958 0.173344 0.082627
0 0.349769 0.455508 0.146379 0.072034
0 0.343991 0.393008 0.173344 0.065678
0 0.715716 0.476695 0.246533 0.076271
0 0.765794 0.406780 0.154083 0.093220
0 0.731125 0.363347 0.154083 0.091102
0 0.842835 0.185381 0.123267 0.116525
0 0.944530 0.208686 0.110940 0.120763