0 0.746591 0.124375 0.147727 0.111250
0 0.878409 0.080000 0.134091 0.097500
0 0.636364 0.250625 0.136364 0.096250
0 0.780682 0.326875 0.134091 0.101250
0 0.887500 0.278125 0.129545 0.118750
0 0.963636 0.253125 0.072727 0.128750
0 0.928409 0.516250 0.134091 0.070000
0 0.838636 0.489375 0.127273 0.071250
0 0.742045 0.458750 0.138636 0.067500
0 0.572727 0.390625 0.145455 0.091250
0 0.348864 0.382500 0.193182 0.075000
0 0.504545 0.481250 0.195455 0.085000
0 0.085227 0.483750 0.125000 0.077500
0 0.362500 0.644375 0.179545 0.081250
0 0.361364 0.583750 0.186364 0.077500