0 0.314773 0.685000 0.170455 0.105000
0 0.621591 0.686875 0.170455 0.086250
0 0.690909 0.597500 0.172727 0.082500
0 0.394318 0.566250 0.134091 0.080000
0 0.371591 0.483125 0.188636 0.076250
0 0.360227 0.387500 0.184091 0.075000
0 0.526136 0.350625 0.129545 0.091250
0 0.673864 0.421875 0.143182 0.086250
0 0.688636 0.518750 0.159091 0.077500
0 0.885227 0.385000 0.147727 0.092500
0 0.732955 0.321875 0.134091 0.101250
0 0.875000 0.224375 0.118182 0.096250
0 0.703409 0.081875 0.125000 0.098750
0 0.830682 0.054375 0.147727 0.091250
0 0.689773 0.176875 0.134091 0.078750