0 0.290931 0.410072 0.125572 0.077698
0 0.539459 0.410072 0.146501 0.066187
0 0.778831 0.213669 0.122956 0.073381
0 0.637563 0.290647 0.133421 0.063309
0 0.585241 0.192806 0.138653 0.071942
0 0.712121 0.071942 0.136037 0.080576
0 0.943645 0.058273 0.091563 0.070504
0 0.888707 0.271942 0.117724 0.074820
0 0.918792 0.361871 0.125572 0.064748
0 0.746130 0.519424 0.214519 0.094964
0 0.731742 0.673381 0.143885 0.086331
0 0.260846 0.725180 0.159581 0.071942
0 0.279158 0.649640 0.133421 0.064748
0 0.075104 0.614388 0.143885 0.077698
0 0.173207 0.502158 0.120340 0.066187