0 0.173864 0.632500 0.175000 0.075000
0 0.164773 0.565000 0.165909 0.077500
0 0.171591 0.448750 0.165909 0.095000
0 0.378409 0.372500 0.156818 0.075000
0 0.619318 0.370000 0.138636 0.092500
0 0.576136 0.475000 0.152273 0.085000
0 0.630682 0.584375 0.156818 0.083750
0 0.787500 0.422500 0.156818 0.085000
0 0.864773 0.512500 0.156818 0.085000
0 0.615909 0.250000 0.131818 0.082500
0 0.773864 0.089375 0.129545 0.093750
0 0.714773 0.144375 0.129545 0.088750
0 0.876136 0.225625 0.120455 0.086250
0 0.818182 0.308125 0.150000 0.096250