0 0.762500 0.139375 0.170455 0.108750
0 0.905682 0.101250 0.129545 0.107500
0 0.782955 0.361875 0.138636 0.093750
0 0.868182 0.320625 0.122727 0.101250
0 0.964773 0.292500 0.070454 0.115000
0 0.632955 0.281250 0.188636 0.092500
0 0.289773 0.359375 0.175000 0.096250
0 0.510227 0.410000 0.125000 0.072500
0 0.430682 0.490000 0.161364 0.090000
0 0.697727 0.477500 0.127273 0.080000
0 0.787500 0.525000 0.125000 0.080000
0 0.895455 0.533750 0.122727 0.072500
0 0.267045 0.657500 0.165909 0.117500
0 0.304545 0.579375 0.186364 0.091250
0 0.801136 0.056250 0.120455 0.102500