0 0.738636 0.102500 0.150000 0.122500
0 0.630682 0.222500 0.129545 0.097500
0 0.610227 0.372500 0.161364 0.072500
0 0.362500 0.372500 0.161364 0.087500
0 0.150000 0.488125 0.154545 0.088750
0 0.112500 0.611875 0.175000 0.106250
0 0.086364 0.729375 0.168182 0.088750
0 0.415909 0.581875 0.150000 0.078750
0 0.455682 0.620625 0.152273 0.093750
0 0.518182 0.441250 0.145455 0.112500
0 0.786364 0.433125 0.127273 0.086250
0 0.857955 0.470000 0.125000 0.085000
0 0.764773 0.309375 0.147727 0.091250
0 0.882955 0.261875 0.143182 0.096250
0 0.861364 0.071875 0.118182 0.103750