0 0.430663 0.338983 0.169492 0.072034
0 0.114792 0.524364 0.138675 0.078390
0 0.365177 0.420551 0.169492 0.082627
0 0.390216 0.474576 0.181048 0.067797
0 0.345917 0.565678 0.184900 0.105932
0 0.361325 0.683263 0.184900 0.082627
0 0.453775 0.718220 0.177196 0.084746
0 0.921418 0.677966 0.157164 0.072034
0 0.817797 0.631356 0.173344 0.076271
0 0.765794 0.514831 0.138675 0.076271
0 0.719569 0.465042 0.177196 0.086864
0 0.746533 0.385593 0.184900 0.076271
0 0.946456 0.304025 0.107088 0.078390
0 0.840909 0.229873 0.104006 0.065678
0 0.919877 0.060381 0.146379 0.099576
1 0.648305 0.320975 0.181048 0.095339