1 0.059322 0.250000 0.118644 0.088983
0 0.900616 0.151483 0.161787 0.095339
0 0.688752 0.279661 0.146379 0.093220
0 0.636749 0.334746 0.157935 0.084746
0 0.286210 0.388771 0.142527 0.091102
0 0.343991 0.460805 0.173344 0.099576
0 0.290062 0.521186 0.157935 0.076271
0 0.320878 0.734110 0.119414 0.103814
0 0.063174 0.960805 0.126348 0.078390
0 0.563559 0.717161 0.181048 0.103814
0 0.823575 0.597458 0.177196 0.088983
0 0.698382 0.551907 0.165639 0.086864
0 0.740755 0.477754 0.157935 0.074153
0 0.817797 0.378178 0.173344 0.091102