0 0.089492 0.539568 0.104644 0.069065
0 0.145738 0.682014 0.122956 0.060432
0 0.556464 0.586331 0.133421 0.073381
0 0.740898 0.579856 0.125572 0.071942
0 0.449204 0.445324 0.159581 0.056115
0 0.313168 0.371942 0.096795 0.050360
0 0.573468 0.382734 0.120340 0.066187
0 0.658491 0.243885 0.091563 0.064748
0 0.818073 0.298561 0.107260 0.076259
0 0.941029 0.261151 0.102027 0.073381
0 0.848158 0.131655 0.104644 0.058993
0 0.778831 0.049640 0.112492 0.058993
0 0.648027 0.055396 0.091563 0.058993
0 0.943645 0.071942 0.112492 0.063309
0 0.795836 0.409353 0.136037 0.064748