0 0.243182 0.722500 0.154545 0.087500
0 0.203409 0.566250 0.175000 0.077500
0 0.211364 0.440625 0.150000 0.088750
0 0.351136 0.369375 0.143182 0.071250
0 0.432955 0.510625 0.138636 0.091250
0 0.628409 0.605625 0.138636 0.081250
0 0.889773 0.558750 0.161364 0.077500
0 0.788636 0.478125 0.150000 0.071250
0 0.636364 0.370000 0.122727 0.077500
0 0.815909 0.361875 0.145455 0.086250
0 0.669318 0.249375 0.152273 0.093750
0 0.884091 0.217500 0.136364 0.092500
0 0.768182 0.143750 0.113636 0.077500
0 0.709091 0.065000 0.118182 0.090000