0 0.082049 0.491525 0.134823 0.076271
0 0.295840 0.592161 0.123267 0.086864
0 0.496148 0.520127 0.146379 0.095339
0 0.449923 0.403602 0.154083 0.078390
0 0.245763 0.728814 0.146379 0.097458
0 0.765794 0.670551 0.169492 0.082627
0 0.831279 0.577331 0.154083 0.095339
0 0.758089 0.461864 0.208012 0.088983
0 0.819723 0.366525 0.161787 0.093220
0 0.948382 0.179025 0.103236 0.120763
0 0.817797 0.150424 0.157935 0.114407
0 0.752311 0.362288 0.127119 0.105932
0 0.438367 0.445975 0.223421 0.074153
1 0.184129 0.334746 0.146379 0.080508
1 0.263097 0.287076 0.142527 0.082627
1 0.565485 0.323093 0.161787 0.099576