0 0.207242 0.373941 0.161787 0.082627
0 0.095532 0.444915 0.146379 0.076271
0 0.130200 0.514831 0.177196 0.072034
0 0.153313 0.616525 0.177196 0.105932
0 0.157165 0.773305 0.184900 0.088983
0 0.484592 0.686441 0.200308 0.093220
0 0.553929 0.595339 0.177196 0.072034
0 0.478814 0.505297 0.188752 0.069915
0 0.505778 0.445975 0.150231 0.065678
0 0.679122 0.373941 0.165639 0.074153
0 0.871726 0.401483 0.150231 0.086864
0 0.838983 0.514831 0.154083 0.080508
0 0.812018 0.631356 0.177196 0.084746
0 0.923344 0.250000 0.153312 0.105932
1 0.424884 0.319915 0.173344 0.084746
1 0.694530 0.263771 0.134823 0.091102
1 0.798536 0.251059 0.119414 0.116525