0 0.712500 0.055000 0.138636 0.090000
0 0.890909 0.045625 0.145455 0.091250
0 0.601136 0.165000 0.138636 0.087500
0 0.547727 0.268750 0.145455 0.087500
0 0.746591 0.271250 0.152273 0.092500
0 0.893182 0.272500 0.140909 0.102500
0 0.857955 0.155625 0.156818 0.118750
0 0.830682 0.456875 0.152273 0.081250
0 0.678409 0.453125 0.152273 0.088750
0 0.423864 0.355000 0.165909 0.072500
0 0.532955 0.479375 0.165909 0.063750
0 0.368182 0.553125 0.150000 0.081250
0 0.115909 0.485000 0.168182 0.090000
0 0.450000 0.630000 0.159091 0.110000
0 0.655682 0.623750 0.143182 0.080000
0 0.162500 0.420625 0.143182 0.086250