0 0.922727 0.477500 0.154545 0.100000
0 0.560227 0.259375 0.138636 0.101250
0 0.728409 0.316875 0.156818 0.093750
0 0.869318 0.312500 0.143182 0.095000
0 0.853409 0.201250 0.152273 0.100000
0 0.910227 0.064375 0.129545 0.111250
0 0.617045 0.178750 0.152273 0.080000
0 0.747727 0.097500 0.136364 0.100000
0 0.646591 0.492500 0.165909 0.085000
0 0.806818 0.492500 0.150000 0.095000
0 0.402273 0.365625 0.168182 0.088750
0 0.473864 0.500625 0.152273 0.083750
0 0.306818 0.572500 0.145455 0.092500
0 0.365909 0.653750 0.122727 0.097500
0 0.609091 0.637500 0.140909 0.085000
0 0.068182 0.485000 0.136364 0.097500