0 0.061248 0.350636 0.122496 0.082627
0 0.394068 0.677966 0.157935 0.084746
0 0.374807 0.629237 0.173344 0.055085
0 0.307396 0.523305 0.146379 0.084746
0 0.345917 0.440678 0.169492 0.067797
0 0.550077 0.388771 0.177196 0.078390
0 0.605932 0.613347 0.188752 0.074153
0 0.729199 0.617585 0.165639 0.082627
0 0.896764 0.561441 0.154083 0.093220
0 0.736903 0.521186 0.150231 0.076271
0 0.786980 0.439619 0.165639 0.074153
0 0.879430 0.310381 0.134823 0.103814
0 0.777350 0.236229 0.154083 0.057203
0 0.781202 0.099576 0.130971 0.097458
0 0.883282 0.250000 0.150231 0.084746
1 0.349769 0.293432 0.146379 0.086864
1 0.679122 0.286017 0.088598 0.084746
1 0.758089 0.297669 0.107858 0.095339