0 0.161434 0.410791 0.096795 0.064748
0 0.437432 0.448921 0.109876 0.054676
0 0.392958 0.528058 0.151733 0.057554
0 0.678112 0.550360 0.156965 0.082014
0 0.662415 0.684173 0.167430 0.096403
0 0.132657 0.743885 0.154349 0.080576
0 0.164051 0.679856 0.122956 0.033094
0 0.941029 0.097842 0.102027 0.063309
0 0.819381 0.025899 0.130804 0.046043
0 0.751362 0.117986 0.136037 0.086331
0 0.587857 0.228777 0.096795 0.106475
0 0.743514 0.277698 0.120340 0.083453
0 0.878243 0.399281 0.138653 0.064748
0 0.875627 0.342446 0.133421 0.089209