0 0.230354 0.271186 0.130971 0.084746
0 0.132126 0.376059 0.134823 0.078390
0 0.590524 0.290254 0.157935 0.084746
0 0.808166 0.284958 0.146379 0.103814
0 0.629045 0.375000 0.150231 0.080508
0 0.317026 0.490466 0.127119 0.091102
0 0.182203 0.583686 0.111710 0.091102
0 0.101310 0.673729 0.088598 0.088983
0 0.195686 0.854873 0.123267 0.078390
0 0.573190 0.673729 0.169492 0.088983
0 0.565485 0.600636 0.192604 0.095339
0 0.661787 0.527542 0.169492 0.093220
0 0.800462 0.478814 0.161787 0.059322
0 0.773498 0.436441 0.238829 0.076271