0 0.375954 0.452518 0.133421 0.073381
0 0.497602 0.594964 0.151733 0.082014
0 0.683344 0.601439 0.172662 0.074820
0 0.795836 0.318705 0.156965 0.082014
0 0.636255 0.268345 0.099411 0.056115
0 0.820689 0.151799 0.138653 0.061871
0 0.787988 0.082014 0.136037 0.071942
0 0.644103 0.058273 0.099411 0.070504
0 0.956725 0.100719 0.075867 0.066187
0 0.933181 0.287770 0.096795 0.071942
0 0.951493 0.392806 0.096795 0.069065
0 0.052867 0.548921 0.104644 0.082014
0 0.067255 0.681295 0.122956 0.082014
0 0.721277 0.425180 0.112492 0.061871
0 0.514606 0.399281 0.112492 0.058993