0 0.181818 0.715000 0.145455 0.092500
0 0.157955 0.441875 0.115909 0.088750
0 0.307955 0.379375 0.134091 0.076250
0 0.389773 0.513125 0.147727 0.093750
0 0.130682 0.570625 0.175000 0.086250
0 0.619318 0.601250 0.143182 0.082500
0 0.621591 0.399375 0.134091 0.076250
0 0.753409 0.500625 0.138636 0.073750
0 0.777273 0.385625 0.136364 0.086250
0 0.673864 0.271250 0.125000 0.100000
0 0.863636 0.249375 0.140909 0.086250
0 0.726136 0.070000 0.125000 0.090000
0 0.782955 0.153750 0.106818 0.085000
0 0.890909 0.585625 0.181818 0.081250