0 0.040062 0.795551 0.080123 0.082627
0 0.085901 0.705508 0.134823 0.088983
0 0.199538 0.621822 0.115562 0.082627
0 0.280431 0.389831 0.115562 0.080508
0 0.353621 0.286017 0.115562 0.076271
0 0.367103 0.514831 0.134823 0.072034
0 0.359399 0.563559 0.119414 0.067797
0 0.675270 0.675847 0.165639 0.084746
0 0.889060 0.590042 0.177196 0.095339
0 0.883282 0.502119 0.173344 0.076271
0 0.823575 0.430085 0.169492 0.084746
0 0.542373 0.333686 0.177196 0.086864
0 0.804314 0.253178 0.161787 0.108051
0 0.740755 0.187500 0.127119 0.108051
0 0.829353 0.060381 0.096302 0.095339