0 0.148354 0.433813 0.133421 0.056115
0 0.084260 0.497122 0.109876 0.047482
0 0.232069 0.615827 0.122956 0.063309
0 0.458361 0.648201 0.136037 0.090647
0 0.712121 0.655396 0.146501 0.079137
0 0.846850 0.496403 0.201439 0.077698
0 0.761827 0.442446 0.141269 0.056115
0 0.534227 0.397122 0.146501 0.069065
0 0.765751 0.315108 0.149117 0.063309
0 0.570852 0.304317 0.146501 0.067626
0 0.684652 0.202878 0.149117 0.063309
0 0.934489 0.228058 0.120340 0.064748
0 0.836385 0.110072 0.128188 0.070504
0 0.382494 0.468345 0.172662 0.084892