0 0.095532 0.371822 0.130971 0.074153
0 0.178351 0.478814 0.150231 0.080508
0 0.164869 0.541314 0.154083 0.082627
0 0.128274 0.763771 0.165639 0.074153
0 0.519260 0.684322 0.184900 0.097458
0 0.494222 0.577331 0.142527 0.091102
0 0.569337 0.493644 0.154083 0.101695
0 0.521186 0.379237 0.188752 0.088983
0 0.538521 0.314619 0.154083 0.069915
0 0.667565 0.425847 0.188752 0.088983
0 0.794684 0.606992 0.173344 0.078390
0 0.883282 0.699153 0.134823 0.072034
0 0.896764 0.485169 0.177196 0.110169
0 0.777350 0.266949 0.169492 0.097458
0 0.923729 0.275424 0.138675 0.118644
0 0.806240 0.173729 0.173344 0.084746
0 0.777350 0.079449 0.161787 0.103814