0 0.388290 0.306144 0.130971 0.091102
0 0.361325 0.376059 0.138675 0.078390
0 0.063174 0.463983 0.126348 0.072034
0 0.265023 0.587924 0.123267 0.095339
0 0.170647 0.692797 0.157935 0.084746
0 0.105162 0.783898 0.134823 0.093220
0 0.449923 0.547669 0.177196 0.065678
0 0.440293 0.496822 0.188752 0.069915
0 0.613636 0.328390 0.188752 0.084746
0 0.932974 0.582627 0.134052 0.093220
0 0.938752 0.478814 0.122496 0.084746
0 0.885208 0.414195 0.177196 0.095339
0 0.848613 0.228814 0.165639 0.101695
0 0.758089 0.197034 0.107858 0.088983