0 0.404731 0.410072 0.133421 0.063309
0 0.433508 0.479856 0.122956 0.044604
0 0.446588 0.581295 0.138653 0.063309
0 0.654567 0.561871 0.156965 0.076259
0 0.166667 0.720863 0.128188 0.060432
0 0.684652 0.648201 0.133421 0.056115
0 0.890015 0.351079 0.130804 0.063309
0 0.870395 0.210791 0.128188 0.064748
0 0.716045 0.102878 0.117724 0.067626
0 0.606170 0.233094 0.112492 0.069065
0 0.816765 0.054676 0.104644 0.057554
0 0.955417 0.102878 0.078483 0.076259
0 0.065947 0.548921 0.115108 0.061871
0 0.692500 0.387050 0.149117 0.057554