1 0.114792 0.239407 0.146379 0.063559
1 0.411402 0.298729 0.184900 0.084746
0 0.286210 0.753178 0.150231 0.108051
0 0.209168 0.634534 0.134823 0.108051
0 0.365177 0.533898 0.130971 0.076271
0 0.268875 0.440678 0.138675 0.076271
0 0.272727 0.390890 0.192604 0.069915
0 0.688752 0.376059 0.177196 0.082627
0 0.698382 0.438559 0.173344 0.067797
0 0.671418 0.473517 0.196456 0.065678
0 0.708012 0.588983 0.169492 0.080508
0 0.673344 0.682203 0.184900 0.084746
0 0.846687 0.218220 0.154083 0.118644
0 0.937211 0.224576 0.119414 0.110169