0 0.169318 0.713750 0.125000 0.090000
0 0.545455 0.568750 0.140909 0.090000
0 0.176136 0.589375 0.111364 0.068750
0 0.218182 0.405000 0.113636 0.090000
0 0.178409 0.508125 0.134091 0.068750
0 0.519318 0.475000 0.129545 0.082500
0 0.414773 0.380000 0.134091 0.087500
0 0.640909 0.386875 0.127273 0.096250
0 0.840909 0.454375 0.159091 0.083750
0 0.902273 0.341875 0.136364 0.096250
0 0.586364 0.668125 0.145455 0.091250
0 0.468182 0.718125 0.154545 0.076250
0 0.701136 0.231875 0.147727 0.088750
0 0.932955 0.178125 0.134090 0.098750
0 0.746591 0.132500 0.120455 0.080000
0 0.850000 0.163750 0.109091 0.092500
0 0.819318 0.328125 0.138636 0.096250