0 0.089753 0.929025 0.142527 0.074153
0 0.365177 0.719280 0.138675 0.091102
0 0.563559 0.703390 0.188752 0.105932
0 0.340139 0.516949 0.134823 0.076271
0 0.394068 0.459746 0.134823 0.084746
0 0.365177 0.407839 0.138675 0.078390
0 0.865948 0.592161 0.169492 0.078390
0 0.775424 0.537076 0.211864 0.091102
0 0.798536 0.458686 0.157935 0.078390
0 0.864022 0.361229 0.157935 0.095339
0 0.679122 0.322034 0.157935 0.105932
0 0.721495 0.266949 0.134823 0.067797
0 0.842835 0.113347 0.161787 0.108051
0 0.967643 0.166314 0.064714 0.112288
1 0.155239 0.270127 0.142527 0.095339