0 0.340139 0.727754 0.165639 0.086864
0 0.161017 0.684322 0.154083 0.084746
0 0.067026 0.550847 0.134052 0.084746
0 0.112866 0.452331 0.127119 0.078390
0 0.340139 0.393008 0.165639 0.074153
0 0.578968 0.447034 0.188752 0.072034
0 0.496148 0.509534 0.146379 0.078390
0 0.444145 0.620763 0.150231 0.076271
0 0.580894 0.615466 0.169492 0.082627
0 0.767720 0.548729 0.173344 0.093220
0 0.913713 0.460805 0.172573 0.078390
0 0.758089 0.369703 0.184900 0.074153
0 0.952234 0.310381 0.095532 0.120763
0 0.838983 0.182203 0.130971 0.097458
0 0.927581 0.234110 0.138675 0.103814
1 0.182203 0.241525 0.188752 0.084746
1 0.623267 0.324153 0.123267 0.093220
1 0.677196 0.342161 0.161787 0.065678
1 0.756163 0.182203 0.142527 0.110169