1 0.345917 0.318856 0.130971 0.103814
0 0.760015 0.199153 0.165639 0.097458
0 0.837057 0.257415 0.173344 0.103814
0 0.915639 0.289195 0.168721 0.112288
0 0.963790 0.066737 0.072419 0.099576
0 0.934900 0.400424 0.130200 0.088983
0 0.578968 0.395127 0.165639 0.082627
0 0.925270 0.484110 0.149460 0.082627
0 0.573190 0.454449 0.184900 0.069915
0 0.089753 0.394068 0.127119 0.067797
0 0.128274 0.433263 0.142527 0.086864
0 0.213020 0.552966 0.119414 0.088983
0 0.540447 0.628178 0.150231 0.091102
0 0.584746 0.691737 0.177196 0.069915
0 0.199538 0.861229 0.130971 0.065678
0 0.126348 0.672669 0.123267 0.074153