0 0.318182 0.395000 0.159091 0.075000
0 0.085227 0.468125 0.165909 0.081250
0 0.553409 0.625625 0.165909 0.081250
0 0.521591 0.520000 0.179545 0.090000
0 0.565909 0.411875 0.140909 0.091250
0 0.768182 0.450625 0.172727 0.078750
0 0.856818 0.508125 0.154545 0.086250
0 0.777273 0.339375 0.159091 0.093750
0 0.607955 0.278750 0.143182 0.080000
0 0.744318 0.168750 0.143182 0.092500
0 0.872727 0.272500 0.127273 0.090000
0 0.706818 0.246250 0.145455 0.082500
0 0.121591 0.648125 0.179545 0.073750
0 0.143182 0.590000 0.181818 0.067500
0 0.789773 0.118125 0.134091 0.118750