0 0.400000 0.342500 0.163636 0.090000
0 0.430682 0.455000 0.161364 0.070000
0 0.276136 0.633750 0.152273 0.100000
0 0.102273 0.455625 0.163636 0.091250
0 0.595455 0.520000 0.163636 0.112500
0 0.462500 0.390625 0.152273 0.088750
0 0.850000 0.365000 0.154545 0.105000
0 0.686364 0.073125 0.154545 0.103750
0 0.885227 0.173125 0.170455 0.086250
0 0.746591 0.291875 0.111364 0.086250
0 0.706818 0.261875 0.095455 0.091250
0 0.639773 0.207500 0.134091 0.102500
0 0.930682 0.462500 0.125000 0.080000
0 0.947727 0.358750 0.104545 0.120000