0 0.148864 0.408125 0.125000 0.081250
0 0.142045 0.534375 0.143182 0.096250
0 0.103409 0.605000 0.125000 0.077500
0 0.131818 0.744375 0.136364 0.088750
0 0.468182 0.729375 0.200000 0.066250
0 0.550000 0.670625 0.168182 0.083750
0 0.495455 0.588750 0.177273 0.077500
0 0.465909 0.496250 0.154545 0.077500
0 0.353409 0.379375 0.161364 0.081250
0 0.614773 0.415625 0.152273 0.076250
0 0.792045 0.492500 0.179545 0.102500
0 0.920455 0.576875 0.154545 0.096250
0 0.917045 0.361875 0.134091 0.096250
0 0.827273 0.344375 0.122727 0.083750
0 0.713636 0.261250 0.145455 0.087500
0 0.918182 0.213750 0.154545 0.107500
0 0.819318 0.190625 0.134091 0.101250
0 0.755682 0.153125 0.129545 0.093750