0 0.262500 0.360625 0.129545 0.098750
0 0.192045 0.484375 0.147727 0.098750
0 0.085227 0.676875 0.147727 0.126250
0 0.392045 0.696875 0.188636 0.091250
0 0.331818 0.587500 0.181818 0.110000
0 0.452273 0.496875 0.140909 0.086250
0 0.542045 0.366875 0.161364 0.098750
0 0.706818 0.549375 0.140909 0.111250
0 0.612500 0.423125 0.152273 0.106250
0 0.839773 0.428750 0.125000 0.090000
0 0.688636 0.241875 0.131818 0.106250
0 0.763636 0.118125 0.131818 0.086250
0 0.684091 0.051250 0.150000 0.097500
0 0.878409 0.159375 0.120455 0.108750
0 0.839773 0.284375 0.125000 0.086250
0 0.838636 0.350000 0.177273 0.080000