0 0.291988 0.371822 0.161787 0.078390
0 0.099384 0.490466 0.169492 0.091102
0 0.109014 0.788136 0.142527 0.084746
0 0.521186 0.651483 0.150231 0.091102
0 0.280431 0.564619 0.161787 0.095339
0 0.717643 0.548729 0.196456 0.084746
0 0.372881 0.495763 0.161787 0.080508
0 0.630971 0.480932 0.177196 0.097458
0 0.540447 0.414195 0.165639 0.082627
0 0.840909 0.343220 0.134823 0.080508
0 0.813945 0.309322 0.150231 0.088983
0 0.611710 0.313559 0.177196 0.097458
0 0.892794 0.141786 0.157046 0.084746
0 0.815752 0.229791 0.115562 0.088005
0 0.963435 0.328390 0.073130 0.083116
1 0.707597 0.220013 0.124452 0.084746
0 0.707597 0.053781 0.171862 0.101043