0 0.084091 0.431250 0.150000 0.102500
0 0.079545 0.333750 0.150000 0.087500
0 0.354545 0.690000 0.172727 0.097500
0 0.743182 0.592500 0.150000 0.095000
0 0.464773 0.532500 0.165909 0.075000
0 0.445455 0.470000 0.186364 0.067500
0 0.436364 0.375625 0.163636 0.083750
0 0.552273 0.342500 0.140909 0.085000
0 0.722727 0.390625 0.140909 0.083750
0 0.900000 0.365000 0.154545 0.095000
0 0.764773 0.295000 0.143182 0.085000
0 0.871591 0.175625 0.129545 0.086250
0 0.660227 0.153125 0.138636 0.088750
0 0.704545 0.071250 0.163636 0.085000
0 0.704545 0.508125 0.186364 0.078750
0 0.668182 0.676875 0.159091 0.086250