0 0.598321 0.642446 0.122956 0.064748
0 0.391650 0.623741 0.133421 0.076259
0 0.263462 0.469065 0.128188 0.080576
0 0.398190 0.416547 0.120340 0.058993
0 0.182363 0.351079 0.091563 0.069065
0 0.918792 0.450360 0.130804 0.063309
0 0.599629 0.479856 0.130804 0.070504
0 0.736974 0.364029 0.149117 0.077698
0 0.896555 0.338849 0.149117 0.070504
0 0.685960 0.276978 0.109876 0.050360
0 0.568236 0.289928 0.109876 0.058993
0 0.756595 0.127338 0.104644 0.044604
0 0.637563 0.070504 0.112492 0.074820
0 0.900480 0.033813 0.130804 0.056115
0 0.713429 0.024460 0.117724 0.043165
0 0.933181 0.140288 0.122956 0.076259
0 0.799760 0.211511 0.128188 0.069065