0 0.128409 0.475625 0.175000 0.086250
0 0.086364 0.559375 0.159091 0.088750
0 0.098864 0.652500 0.165909 0.092500
0 0.229545 0.685000 0.218182 0.102500
0 0.252273 0.757500 0.181818 0.102500
0 0.690909 0.658750 0.177273 0.107500
0 0.509091 0.550000 0.168182 0.092500
0 0.565909 0.495625 0.159091 0.068750
0 0.271591 0.469375 0.165909 0.083750
0 0.469318 0.393750 0.147727 0.087500
0 0.677273 0.383750 0.150000 0.080000
0 0.756818 0.416250 0.145455 0.095000
0 0.800000 0.466875 0.172727 0.091250
0 0.854545 0.231250 0.127273 0.095000
0 0.678409 0.263750 0.147727 0.115000
0 0.761364 0.083750 0.168182 0.102500
0 0.814773 0.195625 0.125000 0.098750