1 0.091680 0.211864 0.146379 0.122881
1 0.590524 0.307203 0.188752 0.072034
1 0.617488 0.348517 0.181048 0.065678
1 0.719569 0.221398 0.115562 0.116525
0 0.080123 0.712924 0.146379 0.069915
0 0.286210 0.381356 0.157935 0.084746
0 0.421032 0.520127 0.134823 0.082627
0 0.051618 0.449153 0.103236 0.084746
0 0.500000 0.442797 0.154083 0.076271
0 0.395994 0.611229 0.154083 0.091102
0 0.293914 0.717161 0.134823 0.078390
0 0.544299 0.606992 0.173344 0.086864
0 0.708012 0.549788 0.192604 0.095339
0 0.864022 0.470339 0.188752 0.084746
0 0.746533 0.386653 0.184900 0.082627
0 0.932974 0.363347 0.134052 0.082627
0 0.940678 0.230932 0.118644 0.127119
0 0.846687 0.205508 0.107858 0.127119