0 0.170647 0.378178 0.165639 0.082627
0 0.239985 0.458686 0.181048 0.091102
0 0.232280 0.526483 0.173344 0.074153
0 0.205316 0.762712 0.134823 0.093220
0 0.555855 0.690678 0.181048 0.088983
0 0.553929 0.577331 0.169492 0.091102
0 0.629045 0.488347 0.165639 0.082627
0 0.698382 0.401483 0.173344 0.078390
0 0.571263 0.369703 0.188752 0.074153
0 0.553929 0.306144 0.130971 0.061441
0 0.781202 0.226695 0.184900 0.084746
0 0.927196 0.239407 0.145608 0.105932
0 0.783128 0.608051 0.165639 0.076271
0 0.761941 0.128178 0.161787 0.103814