0 0.612500 0.307500 0.125000 0.095000
0 0.755682 0.221875 0.115909 0.096250
0 0.922727 0.218125 0.136364 0.086250
0 0.905682 0.357500 0.115909 0.065000
0 0.709091 0.502500 0.113636 0.080000
0 0.527273 0.421875 0.122727 0.088750
0 0.686364 0.400000 0.127273 0.070000
0 0.319318 0.378125 0.120455 0.068750
0 0.071591 0.503125 0.102273 0.068750
0 0.047727 0.576875 0.095454 0.076250
0 0.340909 0.627500 0.122727 0.080000
0 0.592045 0.478125 0.115909 0.081250
0 0.855682 0.095625 0.125000 0.073750
0 0.392045 0.688125 0.134091 0.093750