1 0.525039 0.322034 0.134823 0.072034
1 0.748459 0.261653 0.119414 0.129237
1 0.532743 0.366525 0.119414 0.063559
0 0.191834 0.359110 0.138675 0.074153
0 0.338213 0.512712 0.154083 0.076271
0 0.446071 0.451271 0.154083 0.072034
0 0.305470 0.630297 0.173344 0.091102
0 0.251541 0.727754 0.150231 0.069915
0 0.503852 0.612288 0.184900 0.088983
0 0.648305 0.561441 0.181048 0.105932
0 0.819723 0.476695 0.169492 0.080508
0 0.692604 0.393008 0.184900 0.095339
0 0.946456 0.378178 0.107088 0.103814
0 0.952234 0.274364 0.095532 0.125000
0 0.858243 0.223517 0.161787 0.099576
0 0.833205 0.064619 0.173344 0.095339