0 0.086364 0.666875 0.131818 0.098750
0 0.296591 0.709375 0.115909 0.083750
0 0.629545 0.593750 0.140909 0.072500
0 0.928409 0.506250 0.143182 0.075000
0 0.529545 0.484375 0.118182 0.081250
0 0.348864 0.538750 0.111364 0.070000
0 0.294318 0.433750 0.106818 0.080000
0 0.463636 0.370000 0.154545 0.087500
0 0.704545 0.335000 0.109091 0.070000
0 0.832955 0.320625 0.120455 0.081250
0 0.828409 0.440625 0.138636 0.076250
0 0.698864 0.194375 0.115909 0.093750
0 0.884091 0.170000 0.118182 0.077500
0 0.704545 0.068125 0.136364 0.073750
0 0.751136 0.112500 0.106818 0.072500