0 0.135978 0.493644 0.150231 0.080508
0 0.101310 0.548729 0.134823 0.072034
0 0.064715 0.776483 0.123267 0.091102
0 0.449923 0.686441 0.138675 0.097458
0 0.422958 0.596398 0.138675 0.091102
0 0.544299 0.519068 0.196456 0.097458
0 0.654083 0.458686 0.192604 0.099576
0 0.463405 0.395127 0.134823 0.065678
0 0.525039 0.340042 0.157935 0.074153
0 0.702234 0.283898 0.142527 0.101695
0 0.910247 0.317797 0.165639 0.097458
0 0.921418 0.408898 0.157164 0.097458
0 0.889060 0.519068 0.192604 0.101695
0 0.796610 0.628178 0.215716 0.082627
0 0.854391 0.210805 0.130971 0.091102
0 0.831279 0.106992 0.169492 0.099576