1 0.646379 0.309322 0.146379 0.093220
1 0.305470 0.311441 0.142527 0.063559
1 0.265023 0.362288 0.123267 0.059322
0 0.788906 0.115466 0.177196 0.125000
0 0.956086 0.149364 0.087827 0.125000
0 0.817797 0.331568 0.134823 0.095339
0 0.842835 0.355932 0.161787 0.118644
0 0.817797 0.448093 0.188752 0.078390
0 0.908320 0.555085 0.177196 0.097458
0 0.819723 0.665254 0.146379 0.072034
0 0.505778 0.401483 0.165639 0.048729
0 0.496148 0.450212 0.184900 0.078390
0 0.159091 0.469280 0.165639 0.082627
0 0.546225 0.511653 0.184900 0.091102
0 0.367103 0.578390 0.150231 0.093220
0 0.274653 0.687500 0.157935 0.086864