0 0.059322 0.627119 0.118644 0.093220
0 0.203390 0.506356 0.161787 0.076271
0 0.482666 0.333686 0.173344 0.082627
0 0.419106 0.390890 0.177196 0.065678
0 0.424884 0.459746 0.181048 0.067797
0 0.428737 0.574153 0.204160 0.101695
0 0.442219 0.657839 0.192604 0.086864
0 0.438367 0.720339 0.146379 0.063559
0 0.954160 0.690678 0.091680 0.110169
0 0.846687 0.650424 0.154083 0.088983
0 0.758089 0.486229 0.154083 0.057203
0 0.754237 0.426907 0.154083 0.078390
0 0.767720 0.385593 0.181048 0.088983
0 0.952234 0.260593 0.095532 0.101695
0 0.835131 0.259534 0.146379 0.095339
1 0.696456 0.306144 0.192604 0.108051
0 0.852465 0.123941 0.134823 0.125000
0 0.657935 0.111229 0.107858 0.095339