0 0.076656 0.777542 0.153312 0.076271
0 0.093606 0.692797 0.150231 0.055085
0 0.203390 0.565678 0.161787 0.080508
0 0.055470 0.508475 0.110940 0.088983
0 0.236133 0.363347 0.127119 0.082627
0 0.317026 0.496822 0.134823 0.074153
0 0.474961 0.657839 0.165639 0.086864
0 0.875578 0.597458 0.150231 0.080508
0 0.632897 0.596398 0.181048 0.078390
0 0.580894 0.502119 0.200308 0.097458
0 0.532743 0.439619 0.196456 0.074153
0 0.552003 0.328390 0.157935 0.093220
0 0.825501 0.387712 0.157935 0.072034
0 0.802388 0.337924 0.142527 0.078390
0 0.546225 0.389831 0.231125 0.067797
0 0.815871 0.265890 0.177196 0.086864
0 0.740755 0.068856 0.204160 0.108051
0 0.915639 0.174788 0.168721 0.099576
0 0.969569 0.375000 0.060862 0.101695
1 0.723421 0.250000 0.138675 0.088983