0 0.229545 0.361250 0.145455 0.075000
0 0.245455 0.437500 0.154545 0.095000
0 0.140909 0.519375 0.136364 0.091250
0 0.084091 0.688750 0.168182 0.092500
0 0.475000 0.632500 0.154545 0.097500
0 0.832955 0.551875 0.165909 0.088750
0 0.827273 0.466250 0.181818 0.080000
0 0.642045 0.473750 0.156818 0.082500
0 0.602273 0.420000 0.145455 0.072500
0 0.587500 0.342500 0.143182 0.075000
0 0.836364 0.312500 0.131818 0.087500
0 0.789773 0.200625 0.134091 0.091250
0 0.807955 0.092500 0.120455 0.077500
0 0.936364 0.181875 0.127272 0.131250
0 0.654545 0.285625 0.150000 0.088750
0 0.788636 0.605625 0.195455 0.071250