0 0.256276 0.054964 0.077406 0.100799
0 0.426255 0.052682 0.076360 0.105363
0 0.398013 0.195702 0.065900 0.112210
0 0.559100 0.208064 0.065900 0.098897
0 0.521967 0.382084 0.079498 0.131229
0 0.434623 0.461012 0.078452 0.129327
0 0.372385 0.544694 0.075314 0.125523
0 0.640690 0.506657 0.080544 0.125523
0 0.607741 0.633130 0.075314 0.108406
0 0.575314 0.708254 0.079498 0.095093
0 0.517782 0.805249 0.077406 0.133130
0 0.795502 0.610308 0.080544 0.142640
0 0.780858 0.758653 0.072176 0.112210
0 0.757322 0.830924 0.071130 0.116014
0 0.708159 0.919361 0.073222 0.121719