0 0.185669 0.267973 0.059623 0.100799
0 0.344665 0.388741 0.063808 0.121719
0 0.226464 0.048307 0.067992 0.095093
0 0.454498 0.077786 0.067992 0.116014
0 0.544979 0.082541 0.060669 0.095093
0 0.579498 0.448650 0.062762 0.127425
0 0.635983 0.435337 0.071130 0.096995
0 0.501046 0.603652 0.073222 0.117916
0 0.308577 0.520921 0.077406 0.108406
0 0.799163 0.637885 0.087866 0.125523
0 0.661611 0.736782 0.076360 0.129327
0 0.652197 0.931723 0.070084 0.127425
0 0.778243 0.770065 0.081590 0.108406
0 0.906904 0.906999 0.085774 0.146444