0 0.160042 0.160517 0.069038 0.087486
0 0.207113 0.103461 0.071130 0.095093
0 0.458159 0.240396 0.071130 0.117916
0 0.404289 0.293648 0.065900 0.121719
0 0.320607 0.350704 0.078452 0.117916
0 0.301255 0.441042 0.073222 0.127425
0 0.457113 0.561811 0.064854 0.114112
0 0.393305 0.568467 0.062762 0.123621
0 0.598326 0.407760 0.075314 0.140738
0 0.731695 0.597946 0.072176 0.152149
0 0.391213 0.773868 0.075314 0.127425
0 0.546025 0.814758 0.075314 0.133130
0 0.614540 0.699696 0.061715 0.108406
0 0.645921 0.631229 0.080544 0.108406
0 0.859833 0.624572 0.096234 0.117916
0 0.897490 0.852796 0.089958 0.148345