0 0.244247 0.318372 0.057531 0.133130
0 0.270921 0.188094 0.069038 0.108406
0 0.359833 0.114873 0.075314 0.117916
0 0.423640 0.060669 0.069038 0.096995
0 0.550209 0.263218 0.075314 0.148345
0 0.404812 0.398250 0.060669 0.106504
0 0.345188 0.446748 0.066946 0.112210
0 0.344142 0.660707 0.058577 0.129327
0 0.489540 0.693039 0.071130 0.121719
0 0.552301 0.603652 0.064854 0.133130
0 0.590481 0.521871 0.065900 0.117916
0 0.666841 0.495245 0.065900 0.117916
0 0.801778 0.600799 0.091004 0.150247
0 0.803347 0.788132 0.075314 0.155953
0 0.639121 0.868962 0.069038 0.127425