0 0.227510 0.253709 0.076360 0.114112
0 0.314331 0.200456 0.080544 0.121719
0 0.433054 0.120578 0.069038 0.121719
0 0.555962 0.256561 0.076360 0.142640
0 0.475941 0.413465 0.056485 0.106504
0 0.407427 0.500000 0.078452 0.127425
0 0.455544 0.790034 0.080544 0.125523
0 0.513075 0.730126 0.070084 0.127425
0 0.596234 0.679726 0.069038 0.144542
0 0.622385 0.591289 0.052301 0.100799
0 0.646444 0.436288 0.066946 0.136934
0 0.809623 0.681628 0.096234 0.148345
0 0.685669 0.905097 0.074268 0.138836
0 0.584728 0.897490 0.069038 0.119817
1 0.355126 0.596044 0.067992 0.159757
0 0.936715 0.899391 0.101464 0.146444