0 0.279289 0.242297 0.073222 0.144542
1 0.224372 0.312666 0.072176 0.117916
0 0.389644 0.158615 0.076360 0.136934
0 0.603556 0.164321 0.073222 0.121719
0 0.507845 0.371624 0.070084 0.121719
0 0.448222 0.430582 0.065900 0.117916
0 0.376569 0.497147 0.075314 0.121719
0 0.354603 0.558007 0.069038 0.114112
0 0.452929 0.697794 0.073222 0.131229
0 0.646444 0.532332 0.077406 0.146444
0 0.520921 0.693039 0.066946 0.133130
0 0.457113 0.873716 0.069038 0.129327
0 0.617155 0.895588 0.066946 0.127425
0 0.721757 0.822366 0.066946 0.110308
0 0.734833 0.733929 0.078452 0.119817
0 0.939854 0.682579 0.088912 0.142640
0 0.813285 0.698745 0.084728 0.140738