0 0.498525 0.088361 0.076696 0.147493
0 0.319322 0.221105 0.063422 0.112631
0 0.406342 0.265353 0.069322 0.126039
0 0.589233 0.298874 0.069322 0.134084
0 0.646018 0.341781 0.079646 0.107267
0 0.288348 0.454411 0.081121 0.112631
0 0.457965 0.504023 0.081121 0.126039
0 0.477139 0.801689 0.081121 0.147493
0 0.546460 0.790963 0.087021 0.120676
0 0.562684 0.564360 0.084071 0.144811
0 0.615782 0.572405 0.101770 0.128721
0 0.772124 0.583132 0.104720 0.144811
0 0.734513 0.876777 0.073746 0.126039
0 0.755162 0.804371 0.082596 0.088496
0 0.764012 0.689059 0.100295 0.104586
0 0.890118 0.882140 0.098820 0.120676