0 0.151151 0.050209 0.057531 0.098897
0 0.253661 0.124382 0.059623 0.121719
0 0.304393 0.087296 0.077406 0.131229
0 0.267782 0.436288 0.071130 0.129327
0 0.399582 0.433435 0.062762 0.123621
0 0.462343 0.330734 0.066946 0.127425
0 0.503138 0.267022 0.060669 0.117916
0 0.593619 0.235641 0.072176 0.131229
0 0.658473 0.548498 0.091004 0.155953
0 0.511506 0.649296 0.069038 0.114112
0 0.621339 0.647394 0.079498 0.133130
0 0.827929 0.772917 0.082636 0.114112
0 0.567992 0.909852 0.083682 0.117916
0 0.729603 0.867060 0.067992 0.112210
0 0.839435 0.896539 0.091004 0.129327