0 0.150442 0.107133 0.073746 0.109949
0 0.361357 0.233172 0.064897 0.115312
0 0.494838 0.293510 0.066372 0.123357
0 0.550885 0.302896 0.069322 0.120676
0 0.620206 0.121883 0.069322 0.139448
0 0.345870 0.524135 0.066372 0.128721
0 0.414454 0.530839 0.064897 0.115312
0 0.646018 0.459775 0.073746 0.123357
0 0.643068 0.573746 0.056047 0.104586
0 0.615782 0.646152 0.087021 0.126039
0 0.475664 0.792304 0.069322 0.134084
0 0.863569 0.733307 0.110619 0.150174
0 0.724189 0.790963 0.100295 0.136766
0 0.567847 0.694422 0.076696 0.109949