0 0.281381 0.069228 0.064854 0.110308
0 0.381799 0.523773 0.077406 0.136934
0 0.452406 0.080639 0.070084 0.110308
0 0.519351 0.073032 0.049163 0.106504
0 0.541841 0.240396 0.054393 0.121719
0 0.601464 0.328832 0.064854 0.138836
0 0.581067 0.462914 0.091004 0.136934
0 0.473849 0.533283 0.069038 0.125523
0 0.473849 0.645493 0.066946 0.114112
0 0.492155 0.878471 0.074268 0.131229
0 0.586297 0.668315 0.074268 0.133130
0 0.714435 0.617916 0.073222 0.127425
0 0.640690 0.854698 0.086820 0.133130
0 0.773536 0.867060 0.088912 0.150247
0 0.842050 0.804298 0.089958 0.119817
0 0.825314 0.591289 0.085774 0.127425