0 0.165272 0.085394 0.087866 0.100799
0 0.270397 0.069228 0.067992 0.098897
0 0.517782 0.071130 0.081590 0.114112
0 0.628661 0.321225 0.071130 0.127425
0 0.431485 0.301255 0.080544 0.117916
0 0.327929 0.377330 0.084728 0.102701
1 0.289749 0.464816 0.077406 0.125523
0 0.570084 0.500000 0.073222 0.119817
0 0.514644 0.555154 0.075314 0.127425
0 0.434100 0.605553 0.064854 0.102701
0 0.397490 0.670217 0.071130 0.102701
0 0.596234 0.809053 0.069038 0.136934
0 0.521967 0.804298 0.060669 0.116014
0 0.723849 0.618866 0.079498 0.167364
0 0.898013 0.775770 0.086820 0.146444
0 0.809623 0.795740 0.079498 0.148345
0 0.803870 0.920312 0.095188 0.112210