0 0.272124 0.065567 0.069322 0.112631
0 0.371681 0.104452 0.076696 0.115312
0 0.228614 0.272057 0.079646 0.112631
0 0.560472 0.151381 0.070796 0.128721
0 0.629794 0.247922 0.082596 0.123357
0 0.415192 0.368597 0.072271 0.139448
0 0.403392 0.624698 0.066372 0.109949
0 0.484513 0.693081 0.087021 0.155538
0 0.531711 0.436980 0.075221 0.163583
0 0.581121 0.446366 0.076696 0.128721
0 0.713864 0.588496 0.082596 0.128721
0 0.693953 0.630062 0.072271 0.136766
0 0.676254 0.715876 0.087021 0.104586
0 0.658555 0.765487 0.087021 0.117994
0 0.797198 0.835211 0.075221 0.123357