0 0.280335 0.210917 0.058577 0.123621
0 0.326883 0.177634 0.057531 0.110308
0 0.514121 0.206162 0.070084 0.148345
0 0.557008 0.047927 0.076360 0.095854
0 0.373954 0.369722 0.065900 0.117916
0 0.364540 0.588437 0.065900 0.114112
0 0.456067 0.426778 0.066946 0.121719
0 0.613494 0.409661 0.067992 0.121719
0 0.665272 0.457208 0.062762 0.117916
0 0.769351 0.565614 0.080544 0.140738
0 0.506799 0.625523 0.076360 0.138836
0 0.622385 0.674971 0.081590 0.157855
0 0.677301 0.662609 0.076360 0.140738
0 0.556485 0.910803 0.071130 0.123621
0 0.632845 0.921263 0.073222 0.140738
0 0.827929 0.737733 0.088912 0.119817
0 0.838912 0.896539 0.092050 0.121719