0 0.342573 0.251807 0.067992 0.125523
0 0.481172 0.242297 0.083682 0.136934
0 0.556485 0.235641 0.066946 0.123621
0 0.440377 0.672119 0.077406 0.125523
0 0.536611 0.633130 0.062762 0.112210
0 0.634414 0.591289 0.076360 0.154051
0 0.585774 0.407760 0.075314 0.140738
0 0.640167 0.464816 0.071130 0.163560
0 0.831590 0.670217 0.081590 0.167364
0 0.883368 0.649296 0.059623 0.155953
0 0.778766 0.737733 0.074268 0.142640
0 0.665795 0.799544 0.082636 0.136934
0 0.538703 0.785280 0.073222 0.127425
0 0.842573 0.930202 0.082636 0.139596
0 0.940377 0.871814 0.102510 0.140738