0 0.320084 0.356409 0.071130 0.114112
0 0.402197 0.344047 0.065900 0.116014
0 0.428347 0.500951 0.065900 0.129327
0 0.525105 0.110118 0.073222 0.138836
0 0.570084 0.204260 0.069038 0.129327
0 0.539749 0.342145 0.075314 0.150247
0 0.646444 0.504755 0.066946 0.121719
0 0.523013 0.558958 0.077406 0.138836
0 0.429393 0.745340 0.074268 0.146444
0 0.571653 0.761506 0.072176 0.148345
0 0.685146 0.769114 0.079498 0.148345
0 0.702929 0.561811 0.071130 0.125523
0 0.757322 0.749144 0.087866 0.146444
0 0.908996 0.798593 0.094142 0.146444
0 0.809623 0.585584 0.087866 0.146444