0 0.321130 0.230886 0.064854 0.106504
0 0.470188 0.202358 0.078452 0.125523
0 0.437238 0.340243 0.069038 0.116014
0 0.606172 0.328832 0.080544 0.119817
0 0.489540 0.566565 0.071130 0.104603
0 0.441423 0.641689 0.075314 0.129327
0 0.576883 0.505706 0.084728 0.135032
0 0.714958 0.573222 0.080544 0.114112
0 0.702406 0.732978 0.086820 0.114112
0 0.661088 0.828072 0.087866 0.129327
0 0.627092 0.906048 0.088912 0.117916
0 0.881799 0.651198 0.094142 0.117916
0 0.894351 0.821415 0.089958 0.119817
0 0.862448 0.922214 0.099372 0.119817