0 0.024756 0.207792 0.031656 0.053391
0 0.046672 0.078644 0.031656 0.043290
0 0.086851 0.191198 0.030844 0.037518
0 0.161526 0.029942 0.038961 0.059884
0 0.221997 0.054113 0.044643 0.049062
0 0.367695 0.187590 0.050325 0.062049
0 0.411526 0.207071 0.058442 0.060606
0 0.450893 0.062049 0.041396 0.053391
0 0.564123 0.032468 0.042208 0.060606
0 0.650568 0.228716 0.054383 0.072150
0 0.621347 0.352092 0.047890 0.073593
0 0.517451 0.143579 0.047890 0.066378
0 0.510552 0.284271 0.063312 0.062049
0 0.409091 0.467532 0.050325 0.079365
0 0.614448 0.694084 0.073052 0.085137
0 0.726055 0.630592 0.047890 0.082251
0 0.786526 0.816739 0.056818 0.093795
0 0.521510 0.726551 0.067370 0.083694
0 0.432630 0.808081 0.071429 0.088023
0 0.290990 0.383117 0.051136 0.069264
0 0.193994 0.310245 0.047078 0.067821
0 0.035308 0.411255 0.041396 0.070707
0 0.189935 0.515873 0.043831 0.075036
0 0.131494 0.632035 0.042208 0.073593
0 0.280844 0.648629 0.051948 0.092352
0 0.233766 0.802309 0.053571 0.099567
0 0.084010 0.792929 0.043019 0.086580