0 0.145698 0.137085 0.039773 0.056277
0 0.193994 0.115440 0.038961 0.062049
0 0.265828 0.148629 0.041396 0.053391
0 0.356331 0.208514 0.042208 0.060606
0 0.510958 0.233045 0.054383 0.057720
0 0.547484 0.072150 0.043019 0.047619
0 0.596185 0.385281 0.052760 0.067821
0 0.573052 0.554113 0.069805 0.076479
0 0.477679 0.489899 0.057630 0.072150
0 0.333198 0.391053 0.056006 0.056277
0 0.249594 0.298701 0.046266 0.064935
0 0.190747 0.341270 0.045455 0.063492
0 0.292614 0.597403 0.054383 0.073593
0 0.394075 0.695527 0.056006 0.085137
0 0.526786 0.937951 0.064935 0.082251
0 0.596185 0.916306 0.059253 0.088023
0 0.693182 0.740260 0.051948 0.070707
0 0.126218 0.603896 0.049513 0.077922
0 0.244318 0.799423 0.048701 0.093795
0 0.121753 0.908369 0.045455 0.101010