0 0.093344 0.112554 0.037338 0.050505
0 0.176542 0.059163 0.038149 0.050505
0 0.226461 0.132035 0.045455 0.054834
0 0.308036 0.093074 0.041396 0.057720
0 0.411526 0.136364 0.050325 0.054834
0 0.523133 0.073593 0.038149 0.050505
0 0.618912 0.337662 0.052760 0.067821
0 0.498782 0.232323 0.052760 0.062049
0 0.545049 0.453102 0.054383 0.070707
0 0.483766 0.382395 0.056818 0.076479
0 0.681006 0.728716 0.063312 0.085137
0 0.355925 0.386003 0.051136 0.063492
0 0.248782 0.352814 0.049513 0.080808
0 0.149351 0.231602 0.037338 0.060606
0 0.160308 0.414863 0.046266 0.080808
0 0.101867 0.406926 0.041396 0.064935
0 0.224838 0.746032 0.053571 0.088023
0 0.344156 0.713564 0.060065 0.075036
0 0.465503 0.880952 0.065747 0.095238