0 0.080763 0.246032 0.038149 0.060606
0 0.029627 0.134921 0.028409 0.051948
0 0.108360 0.087302 0.033279 0.049062
0 0.205357 0.130592 0.042208 0.054834
0 0.271916 0.091631 0.042208 0.057720
0 0.353084 0.134921 0.042208 0.072150
0 0.490666 0.257576 0.062500 0.086580
0 0.584821 0.231602 0.060877 0.086580
0 0.658685 0.209235 0.049513 0.064935
0 0.730114 0.299423 0.047890 0.066378
0 0.560471 0.066378 0.049513 0.073593
0 0.163149 0.297980 0.043831 0.069264
0 0.265422 0.471140 0.050325 0.080808
0 0.312906 0.324675 0.051136 0.079365
0 0.444805 0.562771 0.047078 0.079365
0 0.560471 0.528860 0.065747 0.092352
0 0.667614 0.549784 0.067370 0.088023
0 0.717532 0.636364 0.061688 0.085137
0 0.592127 0.924964 0.062500 0.102453
0 0.387987 0.731602 0.053571 0.073593
0 0.328734 0.784271 0.060065 0.089466
0 0.241071 0.601732 0.045455 0.082251
0 0.218344 0.761183 0.053571 0.075036
0 0.120130 0.453824 0.038961 0.072150
0 0.047078 0.728716 0.043831 0.088023