0 0.022727 0.023810 0.029221 0.043290
0 0.036120 0.118326 0.038149 0.044733
0 0.076705 0.214286 0.038149 0.054834
0 0.142451 0.109668 0.036526 0.067821
0 0.233360 0.121934 0.046266 0.060606
0 0.350649 0.180375 0.043831 0.056277
0 0.443182 0.179654 0.053571 0.049062
0 0.526786 0.163059 0.051948 0.047619
0 0.586039 0.179654 0.055195 0.051948
0 0.586851 0.459596 0.060065 0.075036
0 0.245130 0.400433 0.056818 0.072150
0 0.150162 0.323232 0.042208 0.073593
0 0.053571 0.348485 0.037338 0.063492
0 0.030438 0.462482 0.036526 0.069264
0 0.295049 0.857864 0.062500 0.092352
0 0.073458 0.781385 0.036526 0.075036
0 0.389610 0.914863 0.060065 0.116883
0 0.527597 0.825397 0.056818 0.090909
0 0.691964 0.707792 0.062500 0.077922