0 0.025162 0.222222 0.034091 0.041847
0 0.050731 0.095238 0.034903 0.041847
0 0.090097 0.209235 0.037338 0.056277
0 0.134740 0.187590 0.040584 0.053391
0 0.165584 0.041126 0.038961 0.054834
0 0.222808 0.068543 0.044643 0.051948
0 0.454545 0.079365 0.042208 0.053391
0 0.566153 0.051948 0.043019 0.062049
0 0.518263 0.160895 0.052760 0.060606
0 0.651786 0.253968 0.055195 0.067821
0 0.627029 0.379509 0.049513 0.076479
0 0.513799 0.308081 0.064935 0.066378
0 0.731737 0.666667 0.043019 0.070707
0 0.789367 0.852092 0.057630 0.101010
0 0.619318 0.736652 0.071429 0.095238
0 0.523133 0.768398 0.067370 0.080808
0 0.419237 0.487013 0.052760 0.086580
0 0.414773 0.224387 0.060065 0.069264
0 0.370130 0.208514 0.055195 0.051948
0 0.198052 0.327561 0.048701 0.070707
0 0.300731 0.419913 0.051136 0.076479
0 0.038961 0.431457 0.042208 0.076479
0 0.198052 0.538961 0.045455 0.083694
0 0.295049 0.687590 0.054383 0.103896
0 0.439529 0.847763 0.072240 0.083694
0 0.137581 0.661616 0.043019 0.075036
0 0.242695 0.835498 0.055195 0.102453
0 0.092938 0.813131 0.043019 0.095238