1 0.112825 0.069264 0.032468 0.060606
0 0.179789 0.055556 0.036526 0.049062
0 0.386364 0.062049 0.047078 0.053391
0 0.446834 0.101732 0.049513 0.066378
0 0.523945 0.059885 0.038149 0.054834
0 0.361201 0.256133 0.047078 0.069264
0 0.435471 0.307359 0.044643 0.070707
0 0.571834 0.344156 0.054383 0.066378
0 0.496753 0.413420 0.058442 0.080808
0 0.240260 0.238817 0.042208 0.066378
0 0.161932 0.233045 0.039773 0.063492
0 0.209821 0.533189 0.046266 0.077922
0 0.328328 0.575036 0.056006 0.083694
0 0.433442 0.626263 0.056818 0.079365
0 0.431412 0.898990 0.059253 0.085137
0 0.291396 0.917027 0.053571 0.080808
0 0.560877 0.810967 0.055195 0.096681
0 0.685065 0.673882 0.051948 0.082251
0 0.691964 0.946970 0.068994 0.106060