0 0.142045 0.104618 0.037338 0.066378
0 0.078734 0.207071 0.034091 0.051948
0 0.047078 0.156566 0.034091 0.046176
0 0.241477 0.198413 0.047890 0.066378
0 0.142045 0.326840 0.038961 0.063492
0 0.047484 0.345599 0.030032 0.075036
0 0.244318 0.482684 0.058442 0.080808
0 0.054383 0.550505 0.037338 0.077922
0 0.140828 0.911977 0.041396 0.088023
0 0.372159 0.292929 0.054383 0.062049
0 0.472403 0.284271 0.064935 0.067821
0 0.459416 0.075036 0.047078 0.067821
0 0.544643 0.032468 0.047078 0.051948
0 0.556006 0.334776 0.056818 0.064935
0 0.631899 0.367965 0.057630 0.073593
0 0.628653 0.578644 0.067370 0.102453
0 0.718750 0.957792 0.062500 0.084416
0 0.379870 0.922078 0.056818 0.119769