0 0.125000 0.124820 0.032468 0.060606
0 0.214286 0.088023 0.043831 0.053391
0 0.323052 0.098846 0.038961 0.057720
0 0.394481 0.142857 0.043831 0.050505
0 0.512987 0.142857 0.050325 0.064935
0 0.452516 0.229437 0.054383 0.064935
0 0.631899 0.354978 0.049513 0.064935
0 0.573052 0.571429 0.058442 0.082251
0 0.701705 0.766955 0.062500 0.080808
0 0.448864 0.521645 0.056818 0.080808
0 0.346185 0.389610 0.051136 0.067821
0 0.247565 0.336941 0.048701 0.063492
0 0.179789 0.333333 0.051136 0.067821
0 0.351055 0.606061 0.056006 0.085137
0 0.442370 0.707071 0.064935 0.085137
0 0.225244 0.650072 0.052760 0.086580
0 0.579545 0.847042 0.066558 0.102453