0 0.069805 0.155844 0.034091 0.050505
0 0.107955 0.086580 0.035714 0.053391
0 0.149351 0.049784 0.038961 0.046176
0 0.060065 0.021645 0.029221 0.033189
0 0.032468 0.074315 0.029221 0.046176
0 0.013799 0.090188 0.021104 0.028860
0 0.030844 0.266955 0.035714 0.053391
0 0.148133 0.269120 0.043019 0.054834
0 0.252435 0.201299 0.050325 0.057720
0 0.316964 0.164502 0.049513 0.059163
0 0.429789 0.141414 0.051136 0.062049
0 0.249594 0.024170 0.031656 0.048340
0 0.517857 0.074315 0.040584 0.057720
0 0.502435 0.269120 0.058442 0.049062
0 0.610390 0.389610 0.048701 0.064935
0 0.581575 0.556277 0.067370 0.077922
0 0.686688 0.733045 0.063312 0.090909
0 0.723214 0.750361 0.042208 0.070707
0 0.400162 0.883838 0.068182 0.095238
0 0.349432 0.456710 0.049513 0.077922
0 0.445617 0.489899 0.056818 0.069264
0 0.237825 0.417749 0.045455 0.075036
0 0.243101 0.618326 0.043019 0.086580
0 0.182630 0.552670 0.047078 0.070707
0 0.096591 0.436508 0.037338 0.057720
0 0.030032 0.509380 0.042208 0.059163
0 0.090909 0.657287 0.038961 0.072150
0 0.093750 0.834055 0.036526 0.076479
0 0.573864 0.769841 0.073052 0.098124