0 0.056818 0.676768 0.040584 0.073593
0 0.097403 0.526696 0.035714 0.070707
0 0.017451 0.332612 0.034902 0.063492
0 0.014610 0.150794 0.025974 0.040404
0 0.048295 0.045455 0.028409 0.025974
0 0.078734 0.133478 0.032468 0.037518
0 0.117289 0.101732 0.039773 0.051948
0 0.373377 0.100289 0.050325 0.057720
0 0.411526 0.123377 0.045455 0.066378
0 0.480925 0.181818 0.059253 0.062049
0 0.497159 0.060606 0.046266 0.059163
0 0.584010 0.223665 0.047890 0.067821
0 0.622159 0.121212 0.049513 0.064935
0 0.697240 0.428571 0.038961 0.062049
0 0.771916 0.593074 0.051948 0.085137
0 0.598214 0.525253 0.069805 0.079365
0 0.506088 0.548341 0.060877 0.082251
0 0.364042 0.624098 0.056006 0.083694
0 0.356331 0.940115 0.066558 0.095238
0 0.201705 0.637807 0.052760 0.093795
0 0.149351 0.393218 0.042208 0.069264
0 0.237825 0.481241 0.045455 0.080808
0 0.369724 0.359307 0.046266 0.073593
0 0.251218 0.254690 0.044643 0.063492
0 0.178571 0.227994 0.043831 0.064935
0 0.516234 0.954906 0.069805 0.090188