0 0.146104 0.106782 0.038961 0.067821
0 0.243912 0.060606 0.038149 0.067821
0 0.391234 0.112554 0.058442 0.067821
0 0.521104 0.167388 0.058442 0.067821
0 0.515828 0.436508 0.064123 0.077922
0 0.330763 0.391053 0.060877 0.070707
0 0.248377 0.181097 0.043831 0.069264
0 0.230925 0.275613 0.059253 0.082251
0 0.094968 0.411977 0.040584 0.072150
0 0.033685 0.513709 0.044643 0.085137
0 0.187906 0.667388 0.054383 0.083694
0 0.116477 0.837662 0.051136 0.086580
0 0.385958 0.924964 0.070617 0.113997
0 0.455763 0.747475 0.062500 0.093795