0 0.045455 0.150794 0.037338 0.051948
0 0.076299 0.217172 0.037338 0.057720
0 0.144075 0.110390 0.039773 0.060606
0 0.260146 0.058442 0.043019 0.054834
0 0.360390 0.027417 0.040584 0.038961
0 0.482955 0.199134 0.051948 0.064935
0 0.596591 0.142136 0.053571 0.054834
0 0.650974 0.127706 0.047078 0.063492
0 0.579140 0.520202 0.064123 0.072150
0 0.465097 0.328283 0.053571 0.063492
0 0.397727 0.408369 0.051948 0.070707
0 0.256899 0.289322 0.051136 0.066378
0 0.152597 0.351371 0.038961 0.072150
0 0.034497 0.360029 0.028409 0.086580
0 0.024351 0.619048 0.035714 0.082251
0 0.104302 0.645022 0.041396 0.090909
0 0.237013 0.595960 0.060065 0.073593
0 0.392045 0.911977 0.058442 0.102453
0 0.684659 0.589466 0.064123 0.072150
0 0.641234 0.731602 0.064935 0.093795