0 0.036526 0.227273 0.032468 0.046176
0 0.074269 0.094517 0.026786 0.040404
0 0.152597 0.146465 0.032468 0.051948
0 0.212662 0.282828 0.043831 0.064935
0 0.313718 0.210678 0.052760 0.062049
0 0.359984 0.124098 0.052760 0.059163
0 0.454545 0.148629 0.042208 0.059163
0 0.586445 0.235209 0.054383 0.102453
0 0.678977 0.445887 0.056006 0.082251
0 0.734578 0.132756 0.045455 0.076479
0 0.582792 0.080087 0.048701 0.057720
0 0.796266 0.235931 0.047078 0.069264
0 0.743101 0.512266 0.059253 0.067821
0 0.539773 0.505051 0.066558 0.073593
0 0.417208 0.430736 0.051948 0.083694
0 0.129464 0.349928 0.041396 0.063492
0 0.054789 0.500000 0.038149 0.077922
0 0.120536 0.532468 0.049513 0.085137
0 0.234172 0.507215 0.049513 0.080808
0 0.330357 0.461039 0.047078 0.072150
0 0.286120 0.859307 0.051136 0.092352
0 0.245130 0.955628 0.047078 0.088744
0 0.427354 0.761905 0.057630 0.073593
0 0.532062 0.831169 0.062500 0.105339
0 0.733766 0.922078 0.061688 0.085137
0 0.091315 0.220779 0.031656 0.062049