0 0.033685 0.347042 0.038149 0.046176
0 0.023133 0.176046 0.025162 0.038961
0 0.066964 0.084416 0.033279 0.051948
0 0.145698 0.056277 0.039773 0.044733
0 0.255682 0.063492 0.035714 0.059163
0 0.348214 0.022727 0.047078 0.045454
0 0.437906 0.037518 0.044643 0.056277
0 0.529221 0.026335 0.045455 0.052670
0 0.579951 0.046898 0.046266 0.046176
0 0.532873 0.347042 0.051136 0.066378
0 0.353490 0.256854 0.047890 0.070707
0 0.345373 0.311688 0.044643 0.079365
0 0.220779 0.272727 0.045455 0.064935
0 0.127841 0.201299 0.036526 0.040404
0 0.079140 0.272006 0.038149 0.049062
0 0.128653 0.396104 0.039773 0.069264
0 0.184253 0.378788 0.043831 0.075036
0 0.081981 0.586580 0.042208 0.080808
0 0.050325 0.684704 0.040584 0.051948
0 0.162744 0.918470 0.051136 0.080808
0 0.212662 0.813131 0.050325 0.080808
0 0.247159 0.650072 0.051136 0.075036
0 0.343344 0.531025 0.051948 0.076479
0 0.461851 0.567821 0.066558 0.101010
0 0.476461 0.406205 0.051948 0.069264
0 0.648539 0.549062 0.058442 0.072150
0 0.589692 0.834055 0.064123 0.067821
0 0.411932 0.906205 0.062500 0.119769