1 0.179789 0.297258 0.044643 0.072150
0 0.270292 0.302309 0.042208 0.070707
0 0.081981 0.139971 0.032468 0.063492
0 0.105925 0.086580 0.030032 0.057720
0 0.202516 0.099567 0.038149 0.051948
0 0.390828 0.051227 0.047890 0.053391
0 0.447646 0.054834 0.047890 0.054834
0 0.545455 0.296537 0.051948 0.070707
0 0.483360 0.444444 0.059253 0.072150
0 0.550325 0.523810 0.063312 0.095238
0 0.657873 0.572150 0.062500 0.076479
0 0.322646 0.605339 0.056006 0.082251
0 0.210227 0.600289 0.048701 0.080808
0 0.433847 0.841991 0.064123 0.085137
0 0.536932 0.875180 0.060877 0.079365
0 0.617289 0.960317 0.064123 0.079365
0 0.753247 0.938672 0.061688 0.082251