0 0.035714 0.186869 0.034091 0.057720
0 0.145698 0.111111 0.039773 0.070707
0 0.230519 0.276335 0.053571 0.083694
0 0.263799 0.210678 0.043831 0.076479
0 0.262175 0.086580 0.038961 0.070707
0 0.404627 0.173882 0.060877 0.075036
0 0.536932 0.238817 0.056006 0.069264
0 0.531250 0.503608 0.067370 0.079365
0 0.350244 0.440837 0.059253 0.083694
0 0.116477 0.432900 0.046266 0.070707
0 0.049513 0.557720 0.042208 0.080808
0 0.197646 0.720058 0.054383 0.085137
0 0.383117 0.925685 0.064935 0.106782
0 0.490666 0.819625 0.062500 0.102453
0 0.140828 0.907648 0.047890 0.093795