0 0.133117 0.163059 0.040584 0.047619
0 0.060065 0.150072 0.037338 0.047619
0 0.012987 0.051948 0.025974 0.044733
0 0.248782 0.039683 0.036526 0.054834
0 0.349838 0.135642 0.055195 0.067821
0 0.495130 0.242424 0.056818 0.076479
0 0.580357 0.077201 0.043831 0.057720
0 0.584010 0.229437 0.052760 0.079365
0 0.677760 0.311688 0.048701 0.062049
0 0.629464 0.041126 0.041396 0.051948
0 0.702516 0.105339 0.046266 0.056277
0 0.750812 0.400433 0.047078 0.072150
0 0.550731 0.514430 0.067370 0.098124
0 0.650974 0.717893 0.073052 0.089466
0 0.705763 0.790043 0.062500 0.077922
0 0.476461 0.759019 0.073052 0.076479
0 0.330357 0.475469 0.051948 0.080808
0 0.237825 0.214286 0.043831 0.069264
0 0.367289 0.355700 0.036526 0.069264
0 0.208604 0.294372 0.043831 0.062049
0 0.183036 0.409091 0.041396 0.066378
0 0.280438 0.539683 0.049513 0.090909
0 0.068994 0.331890 0.040584 0.056277
0 0.149756 0.569986 0.043019 0.076479
0 0.106331 0.813131 0.043831 0.086580
0 0.273539 0.943001 0.060065 0.080808
0 0.377029 0.818903 0.068994 0.077922