0 0.016640 0.093795 0.030032 0.041847
0 0.064123 0.082973 0.032468 0.034632
0 0.111201 0.047619 0.042208 0.030303
0 0.166802 0.151515 0.044643 0.059163
0 0.234984 0.129870 0.046266 0.050505
0 0.321429 0.260462 0.043831 0.069264
0 0.353490 0.030303 0.049513 0.053391
0 0.407062 0.098846 0.036526 0.060606
0 0.471185 0.092352 0.057630 0.062049
0 0.568994 0.127706 0.043831 0.060606
0 0.604708 0.023449 0.050325 0.046898
0 0.676948 0.272727 0.045455 0.059163
0 0.743101 0.391775 0.041396 0.066378
0 0.589286 0.374459 0.061688 0.077922
0 0.486201 0.398268 0.055195 0.073593
0 0.310471 0.462482 0.052760 0.072150
0 0.192776 0.351371 0.039773 0.066378
0 0.113636 0.318182 0.038961 0.057720
0 0.155032 0.495671 0.045455 0.077922
0 0.063718 0.423521 0.036526 0.069264
0 0.034091 0.575036 0.038961 0.069264
0 0.089692 0.849206 0.039773 0.086580
0 0.250812 0.898268 0.060065 0.095238
0 0.299513 0.740260 0.060065 0.093795
0 0.457792 0.756854 0.064935 0.089466
0 0.578328 0.770563 0.062500 0.079365
0 0.684253 0.825397 0.061688 0.073593
0 0.783685 0.891053 0.057630 0.080808