0 0.045455 0.149351 0.034091 0.046176
0 0.144481 0.108225 0.037338 0.062049
0 0.078328 0.209235 0.031656 0.050505
0 0.144886 0.331890 0.044643 0.064935
0 0.041396 0.351371 0.030844 0.075036
0 0.074675 0.586580 0.038961 0.083694
0 0.243506 0.515873 0.058442 0.069264
0 0.381494 0.352092 0.053571 0.064935
0 0.249188 0.220779 0.050325 0.059163
0 0.245536 0.024170 0.041396 0.048340
0 0.467938 0.122655 0.051136 0.059163
0 0.558442 0.075036 0.048701 0.050505
0 0.615260 0.045455 0.047078 0.054834
0 0.573458 0.414141 0.057630 0.062049
0 0.658279 0.448052 0.061688 0.066378
0 0.465097 0.316739 0.056818 0.069264
0 0.634334 0.637085 0.060877 0.098124
0 0.381088 0.915584 0.059253 0.112554