0 0.064123 0.247475 0.032468 0.046176
0 0.012987 0.124098 0.025974 0.038961
0 0.053166 0.045455 0.028409 0.043290
0 0.119724 0.120491 0.039773 0.043290
0 0.193994 0.186869 0.045455 0.057720
0 0.236201 0.031746 0.042208 0.047619
0 0.334010 0.074315 0.047890 0.051948
0 0.390422 0.156566 0.050325 0.063492
0 0.452516 0.059163 0.047890 0.044733
0 0.539367 0.112554 0.041396 0.053391
0 0.492289 0.284993 0.049513 0.069264
0 0.250000 0.217893 0.047078 0.050505
0 0.162338 0.357864 0.045455 0.062049
0 0.117695 0.350649 0.043831 0.059163
0 0.042614 0.380952 0.033279 0.056277
0 0.098214 0.694084 0.047078 0.082251
0 0.035308 0.816739 0.038149 0.096681
0 0.268669 0.567100 0.050325 0.079365
0 0.403815 0.501443 0.057630 0.072150
0 0.478490 0.440837 0.064123 0.072150
0 0.589286 0.376623 0.051948 0.062049
0 0.630276 0.282828 0.043019 0.067821
0 0.716721 0.606782 0.055195 0.069264
0 0.698052 0.764069 0.051948 0.098124
0 0.616883 0.663781 0.071429 0.079365
0 0.500000 0.740981 0.061688 0.098124
0 0.406250 0.860750 0.059253 0.101010
0 0.290179 0.890332 0.054383 0.090909