0 0.014610 0.134921 0.029220 0.046176
0 0.073458 0.261905 0.030032 0.028860
0 0.121753 0.132756 0.040584 0.047619
0 0.055601 0.054113 0.030032 0.049062
0 0.236201 0.046176 0.043831 0.053391
0 0.329951 0.086580 0.049513 0.050505
0 0.457386 0.076479 0.049513 0.053391
0 0.543425 0.133478 0.044643 0.054834
0 0.392045 0.173882 0.047078 0.060606
0 0.500812 0.305195 0.050325 0.072150
0 0.598214 0.397547 0.050325 0.069264
0 0.642045 0.312410 0.040584 0.072150
0 0.487013 0.453102 0.063312 0.076479
0 0.405844 0.535354 0.051948 0.073593
0 0.278409 0.594517 0.051948 0.079365
0 0.195211 0.199134 0.041396 0.059163
0 0.253653 0.233766 0.046266 0.047619
0 0.165179 0.380231 0.041396 0.063492
0 0.122971 0.362193 0.043019 0.062049
0 0.042208 0.402597 0.035714 0.059163
0 0.105519 0.725108 0.047078 0.083694
0 0.039773 0.818182 0.032468 0.099567
0 0.306006 0.922078 0.051948 0.085137
0 0.418831 0.907648 0.060065 0.093795
0 0.510146 0.765512 0.060877 0.098124
0 0.622971 0.704185 0.070617 0.076479
0 0.716721 0.652958 0.061688 0.069264
0 0.700487 0.806638 0.051948 0.102453