0 0.049107 0.062771 0.030032 0.046176
0 0.084010 0.059163 0.033279 0.050505
0 0.137987 0.028499 0.035714 0.056998
0 0.258117 0.028139 0.038961 0.049062
0 0.542208 0.207792 0.053571 0.059163
0 0.651380 0.413420 0.059253 0.069264
0 0.500406 0.297980 0.052760 0.066378
0 0.385146 0.256854 0.052760 0.067821
0 0.315747 0.272006 0.045455 0.066378
0 0.200487 0.217893 0.040584 0.059163
0 0.079545 0.263348 0.034091 0.060606
0 0.045455 0.391775 0.035714 0.057720
0 0.200487 0.430014 0.047078 0.059163
0 0.305195 0.569264 0.053571 0.083694
0 0.458198 0.608947 0.052760 0.090909
0 0.497159 0.568543 0.046266 0.090909
0 0.647321 0.783550 0.065747 0.088023
0 0.603084 0.901876 0.063312 0.082251
0 0.449269 0.930736 0.072240 0.108225
0 0.289773 0.720058 0.045455 0.096681
0 0.211039 0.730880 0.047078 0.086580
0 0.116477 0.510823 0.041396 0.064935
0 0.070617 0.610390 0.040584 0.082251
0 0.038555 0.700577 0.038149 0.063492
0 0.187500 0.917027 0.048701 0.086580