0 0.081981 0.272727 0.040584 0.064935
0 0.053166 0.077201 0.034903 0.037518
0 0.086851 0.080808 0.034091 0.044733
0 0.141234 0.038961 0.038961 0.050505
0 0.263799 0.038961 0.034091 0.041847
0 0.420049 0.031025 0.041396 0.051948
0 0.464692 0.034632 0.047890 0.056277
0 0.548295 0.224387 0.051136 0.057720
0 0.506899 0.329726 0.056006 0.075036
0 0.657873 0.456710 0.054383 0.069264
0 0.391234 0.278499 0.050325 0.064935
0 0.315747 0.283550 0.045455 0.069264
0 0.210633 0.235209 0.039773 0.064935
0 0.049107 0.413420 0.033279 0.063492
0 0.122565 0.536075 0.042208 0.069264
0 0.207792 0.455267 0.048701 0.057720
0 0.317776 0.600289 0.052760 0.076479
0 0.468750 0.647186 0.054383 0.089466
0 0.507711 0.603175 0.047890 0.079365
0 0.659903 0.829004 0.063312 0.086580
0 0.607143 0.945166 0.066558 0.085137
0 0.453734 0.954906 0.076299 0.090188
0 0.302760 0.743146 0.053571 0.090909
0 0.217532 0.757576 0.048701 0.088023
0 0.073864 0.627706 0.037338 0.082251
0 0.046672 0.719336 0.034903 0.063492
0 0.197240 0.952742 0.050325 0.094516