0 0.142451 0.106061 0.038149 0.051948
0 0.187906 0.093795 0.038149 0.044733
0 0.253247 0.121934 0.040584 0.054834
0 0.339286 0.178211 0.048701 0.057720
0 0.504870 0.197691 0.048701 0.056277
0 0.543831 0.036075 0.040584 0.053391
0 0.589692 0.331169 0.054383 0.060606
0 0.553166 0.494949 0.062500 0.073593
0 0.471185 0.435065 0.060877 0.075036
0 0.319805 0.354978 0.051948 0.059163
0 0.241883 0.264791 0.043831 0.063492
0 0.178571 0.299423 0.040584 0.063492
0 0.111201 0.542569 0.047078 0.079365
0 0.272321 0.540404 0.052760 0.083694
0 0.368101 0.637807 0.051136 0.088023
0 0.504464 0.860029 0.065747 0.085137
0 0.577922 0.836219 0.060065 0.095238
0 0.679789 0.678932 0.049513 0.072150
0 0.239448 0.727994 0.050325 0.086580
0 0.371753 0.947330 0.056818 0.101010
0 0.091315 0.826840 0.044643 0.096681