1 0.150162 0.192641 0.034091 0.067821
0 0.045860 0.126984 0.028409 0.051948
0 0.080357 0.063492 0.030844 0.054834
0 0.163555 0.024531 0.028409 0.049062
0 0.226461 0.197691 0.042208 0.060606
0 0.197240 0.425685 0.045455 0.072150
0 0.310471 0.398268 0.054383 0.063492
0 0.404627 0.568543 0.060877 0.075036
0 0.483360 0.611833 0.056006 0.077922
0 0.446429 0.261905 0.050325 0.070707
0 0.469968 0.177489 0.045455 0.069264
0 0.515422 0.313131 0.058442 0.080808
0 0.611201 0.332612 0.045455 0.064935
0 0.584010 0.713564 0.064123 0.088023
0 0.694399 0.706349 0.056006 0.073593
0 0.273133 0.843434 0.057630 0.082251