0 0.147321 0.104618 0.041396 0.060606
0 0.083604 0.196248 0.040584 0.047619
0 0.022321 0.203463 0.033279 0.062049
0 0.133929 0.357143 0.032468 0.063492
0 0.231331 0.274892 0.050325 0.077922
0 0.427354 0.460317 0.056006 0.062049
0 0.480519 0.173882 0.045455 0.063492
0 0.616071 0.289322 0.056818 0.060606
0 0.560065 0.629149 0.071429 0.076479
0 0.644886 0.655844 0.054383 0.077922
0 0.440747 0.782828 0.063312 0.089466
0 0.180601 0.625541 0.051136 0.103896
0 0.392045 0.920635 0.066558 0.090909
0 0.103084 0.778499 0.038961 0.089466