0 0.089286 0.206349 0.037338 0.053391
0 0.050325 0.144300 0.030844 0.044733
0 0.023945 0.169553 0.023539 0.031746
0 0.128653 0.171717 0.036526 0.059163
0 0.165584 0.116162 0.042208 0.051948
0 0.276786 0.076479 0.040584 0.044733
0 0.318994 0.172439 0.048701 0.060606
0 0.386364 0.134199 0.045455 0.050505
0 0.467532 0.106061 0.045455 0.054834
0 0.556006 0.192641 0.043831 0.057720
0 0.430195 0.263348 0.061688 0.072150
0 0.519481 0.438672 0.060065 0.059163
0 0.655032 0.598124 0.050325 0.063492
0 0.620942 0.722222 0.069805 0.095238
0 0.519481 0.762626 0.058442 0.092352
0 0.427354 0.677489 0.057630 0.083694
0 0.285714 0.549062 0.056818 0.089466
0 0.265828 0.300866 0.049513 0.066378
0 0.172078 0.379509 0.045455 0.059163
0 0.044643 0.360750 0.037338 0.056277
0 0.129464 0.562771 0.044643 0.076479
0 0.055601 0.651515 0.041396 0.072150
0 0.226867 0.673882 0.051136 0.085137
0 0.304383 0.770563 0.053571 0.085137
0 0.153409 0.822511 0.038961 0.085137