0 0.116883 0.195527 0.032468 0.051948
0 0.022321 0.183261 0.034903 0.050505
0 0.064935 0.347763 0.035714 0.062049
0 0.153815 0.336219 0.039773 0.070707
0 0.231331 0.236652 0.043831 0.062049
0 0.156656 0.117605 0.037338 0.054834
0 0.193182 0.031385 0.040584 0.062770
0 0.281656 0.105339 0.035714 0.050505
0 0.366883 0.121212 0.048701 0.062049
0 0.493506 0.246753 0.056818 0.064935
0 0.586445 0.221501 0.052760 0.075036
0 0.639610 0.278499 0.053571 0.070707
0 0.641234 0.062771 0.045455 0.063492
0 0.715503 0.129870 0.046266 0.062049
0 0.777597 0.411255 0.051948 0.067821
0 0.699269 0.757576 0.065747 0.079365
0 0.771916 0.859307 0.056818 0.092352
0 0.555195 0.515873 0.063312 0.098124
0 0.378247 0.404762 0.051948 0.072150
0 0.479708 0.715729 0.056818 0.119769
0 0.404627 0.716450 0.052760 0.077922
0 0.279627 0.473304 0.052760 0.073593
0 0.193994 0.518759 0.042208 0.080808
0 0.029221 0.530303 0.042208 0.066378
0 0.101867 0.772727 0.047890 0.086580
0 0.213880 0.851371 0.054383 0.099567
0 0.294643 0.778499 0.058442 0.089466
0 0.558036 0.023449 0.038149 0.046898