0 0.145292 0.101010 0.037338 0.056277
0 0.229708 0.036797 0.037338 0.040404
0 0.506088 0.242424 0.049513 0.062049
0 0.637581 0.384560 0.056006 0.060606
0 0.451299 0.569986 0.055195 0.067821
0 0.230519 0.290043 0.050325 0.076479
0 0.145292 0.343434 0.032468 0.062049
0 0.087256 0.212121 0.038149 0.044733
0 0.034497 0.275613 0.034903 0.062049
0 0.025974 0.630592 0.034091 0.056277
0 0.139205 0.833333 0.049513 0.066378
0 0.232143 0.630592 0.050325 0.088023
0 0.392045 0.898990 0.063312 0.093795
0 0.480519 0.905483 0.056818 0.101010
0 0.599026 0.766234 0.068182 0.079365
0 0.676542 0.815296 0.054383 0.085137