0 0.017451 0.193362 0.034902 0.053391
0 0.065341 0.095238 0.034903 0.053391
0 0.020698 0.028139 0.028409 0.043290
0 0.129058 0.183983 0.042208 0.049062
0 0.238636 0.121212 0.043831 0.050505
0 0.078328 0.339827 0.036526 0.051948
0 0.134334 0.426407 0.044643 0.057720
0 0.206981 0.292929 0.043831 0.073593
0 0.289367 0.304473 0.051136 0.062049
0 0.323864 0.154401 0.050325 0.053391
0 0.393669 0.050505 0.045455 0.059163
0 0.480114 0.154401 0.052760 0.050505
0 0.567776 0.251082 0.046266 0.053391
0 0.415584 0.289322 0.053571 0.063492
0 0.537744 0.421356 0.056006 0.085137
0 0.627435 0.518759 0.058442 0.080808
0 0.691964 0.493506 0.049513 0.076479
0 0.769481 0.858586 0.058442 0.099567
0 0.657873 0.904762 0.077110 0.085137
0 0.511769 0.588023 0.067370 0.077922
0 0.448458 0.712121 0.054383 0.075036
0 0.331169 0.707792 0.058442 0.083694
0 0.559659 0.939755 0.057630 0.120490
0 0.197646 0.474026 0.041396 0.077922
0 0.056006 0.511544 0.034091 0.060606
0 0.039773 0.699134 0.037338 0.054834
0 0.116071 0.882395 0.040584 0.101010
0 0.158685 0.857143 0.051136 0.073593