1 0.141640 0.147186 0.036526 0.060606
0 0.029627 0.106061 0.030032 0.054834
0 0.071429 0.038240 0.030844 0.049062
0 0.212256 0.151515 0.039773 0.059163
0 0.293831 0.339827 0.051948 0.069264
0 0.195211 0.357864 0.047890 0.067821
0 0.426136 0.204906 0.045455 0.067821
0 0.452110 0.119769 0.045455 0.053391
0 0.496347 0.240981 0.057630 0.076479
0 0.587662 0.240260 0.045455 0.060606
0 0.656656 0.595238 0.056818 0.069264
0 0.549919 0.625541 0.056006 0.075036
0 0.467938 0.507937 0.052760 0.070707
0 0.404627 0.463925 0.056006 0.069264
0 0.261769 0.759740 0.056006 0.080808
0 0.389205 0.886003 0.060877 0.090909
0 0.530032 0.906205 0.061688 0.085137