0 0.054383 0.061328 0.030844 0.046176
0 0.015016 0.142857 0.030032 0.047619
0 0.122565 0.145743 0.037338 0.050505
0 0.194399 0.220058 0.044643 0.057720
0 0.262581 0.253968 0.051136 0.056277
0 0.236607 0.061328 0.044643 0.049062
0 0.327516 0.099567 0.049513 0.056277
0 0.394481 0.196970 0.047078 0.063492
0 0.465097 0.085859 0.050325 0.049062
0 0.547078 0.158009 0.045455 0.051948
0 0.604708 0.416306 0.048701 0.075036
0 0.654221 0.341991 0.043831 0.073593
0 0.715909 0.696970 0.055195 0.067821
0 0.703734 0.841270 0.055195 0.105339
0 0.631494 0.743867 0.064935 0.080808
0 0.519075 0.790765 0.064123 0.102453
0 0.507711 0.327561 0.049513 0.073593
0 0.492695 0.471140 0.064935 0.072150
0 0.411526 0.572150 0.055195 0.075036
0 0.291396 0.621934 0.051948 0.085137
0 0.170860 0.396104 0.039773 0.072150
0 0.126623 0.369408 0.043831 0.056277
0 0.045860 0.427850 0.036526 0.057720
0 0.115666 0.753968 0.049513 0.083694
0 0.048701 0.815296 0.032468 0.102453
0 0.319805 0.956349 0.056818 0.087302