0 0.096591 0.154401 0.034091 0.059163
0 0.179383 0.107504 0.038961 0.049062
0 0.234578 0.158009 0.037338 0.054834
0 0.330357 0.120491 0.038961 0.060606
0 0.450893 0.031025 0.046266 0.051948
0 0.536526 0.129870 0.042208 0.053391
0 0.418425 0.194084 0.047890 0.060606
0 0.523133 0.284993 0.049513 0.057720
0 0.637175 0.404762 0.055195 0.075036
0 0.584010 0.539683 0.054383 0.088023
0 0.510552 0.461760 0.053571 0.079365
0 0.709416 0.803752 0.063312 0.073593
0 0.358766 0.813131 0.061688 0.077922
0 0.250812 0.860029 0.053571 0.085137
0 0.126623 0.486291 0.038961 0.076479
0 0.181818 0.484848 0.048701 0.085137
0 0.267857 0.414863 0.055195 0.077922
0 0.163555 0.279942 0.043019 0.056277
0 0.376623 0.453824 0.051948 0.066378