0 0.072646 0.348485 0.041396 0.066378
0 0.059253 0.167388 0.037338 0.059163
0 0.015016 0.065657 0.026786 0.046176
0 0.135552 0.180375 0.045455 0.053391
0 0.219968 0.309524 0.045455 0.069264
0 0.189935 0.435065 0.038961 0.060606
0 0.155032 0.592352 0.043831 0.069264
0 0.284497 0.560606 0.047890 0.077922
0 0.339692 0.500000 0.049513 0.072150
0 0.183442 0.028499 0.038961 0.056998
0 0.252029 0.041847 0.036526 0.053391
0 0.353084 0.135642 0.048701 0.070707
0 0.492695 0.239538 0.061688 0.067821
0 0.578734 0.075758 0.043831 0.060606
0 0.631088 0.057720 0.033279 0.056277
0 0.705357 0.127706 0.048701 0.049062
0 0.585227 0.232323 0.055195 0.088023
0 0.681818 0.342713 0.048701 0.069264
0 0.750000 0.423521 0.051948 0.077922
0 0.554383 0.516595 0.064935 0.099567
0 0.648133 0.759740 0.057630 0.101010
0 0.706981 0.826118 0.063312 0.075036
0 0.483360 0.799423 0.070617 0.088023
0 0.383117 0.862915 0.066558 0.088023
0 0.116477 0.827561 0.046266 0.095238
0 0.377029 0.379509 0.038149 0.062049