0 0.081981 0.124820 0.027597 0.046176
0 0.146916 0.043290 0.034091 0.041847
0 0.175731 0.161616 0.034903 0.059163
0 0.103084 0.248196 0.032468 0.062049
0 0.040179 0.267677 0.033279 0.043290
0 0.143263 0.391775 0.036526 0.063492
0 0.230519 0.329726 0.045455 0.069264
0 0.330763 0.270563 0.054383 0.060606
0 0.364854 0.122655 0.057630 0.064935
0 0.476461 0.191919 0.042208 0.053391
0 0.589692 0.125541 0.049513 0.059163
0 0.584416 0.226551 0.055195 0.085137
0 0.730114 0.130592 0.049513 0.066378
0 0.806412 0.293651 0.047890 0.060606
0 0.696429 0.538961 0.058442 0.069264
0 0.746347 0.607504 0.056006 0.070707
0 0.545455 0.499278 0.068182 0.076479
0 0.439935 0.501443 0.048701 0.080808
0 0.250406 0.021284 0.034903 0.042568
0 0.067776 0.568543 0.043019 0.067821
0 0.142451 0.618326 0.051136 0.089466
0 0.251623 0.571429 0.053571 0.079365
0 0.350649 0.523088 0.047078 0.072150
0 0.453734 0.855700 0.060065 0.088023
0 0.328328 0.935786 0.051136 0.089466
0 0.580357 0.913420 0.064935 0.105339