0 0.035714 0.236652 0.032468 0.041847
0 0.075081 0.106061 0.028409 0.049062
0 0.158279 0.159452 0.034091 0.060606
0 0.096591 0.222222 0.035714 0.059163
0 0.217127 0.297258 0.046266 0.067821
0 0.135146 0.362915 0.038149 0.060606
0 0.239042 0.529582 0.054383 0.085137
0 0.128653 0.552670 0.047890 0.079365
0 0.057630 0.521645 0.042208 0.072150
0 0.321023 0.225830 0.052760 0.057720
0 0.360390 0.120491 0.056818 0.057720
0 0.461039 0.168831 0.045455 0.056277
0 0.587256 0.090909 0.049513 0.053391
0 0.586039 0.231602 0.053571 0.092352
0 0.735390 0.131313 0.045455 0.067821
0 0.797484 0.253247 0.041396 0.057720
0 0.335227 0.481241 0.045455 0.069264
0 0.426542 0.457431 0.047890 0.085137
0 0.540179 0.497835 0.067370 0.076479
0 0.683847 0.468975 0.056006 0.059163
0 0.741477 0.541847 0.054383 0.063492
0 0.543831 0.856421 0.056818 0.103896
0 0.739854 0.956349 0.059253 0.087302
0 0.435065 0.784993 0.060065 0.070707
0 0.297484 0.884560 0.044643 0.090909