0 0.017857 0.699856 0.034091 0.082251
0 0.148945 0.940115 0.054383 0.092352
0 0.188312 0.873737 0.043831 0.083694
0 0.252841 0.753247 0.054383 0.082251
0 0.370130 0.944084 0.058442 0.111832
0 0.361201 0.693362 0.063312 0.092352
0 0.034903 0.323232 0.034091 0.050505
0 0.067776 0.188312 0.028409 0.028860
0 0.042208 0.019120 0.027597 0.038240
0 0.012987 0.077922 0.025974 0.036075
0 0.116071 0.074315 0.038961 0.046176
0 0.177354 0.137085 0.041396 0.056277
0 0.237825 0.160173 0.045455 0.047619
0 0.331981 0.034632 0.043831 0.050505
0 0.391640 0.091631 0.049513 0.060606
0 0.467938 0.209235 0.047890 0.059163
0 0.561282 0.295094 0.049513 0.066378
0 0.597403 0.176768 0.040584 0.063492
0 0.510552 0.042569 0.038961 0.049062
0 0.684253 0.443001 0.055195 0.062049
0 0.678166 0.607504 0.047890 0.090909
0 0.575487 0.532468 0.063312 0.079365
0 0.448458 0.367965 0.059253 0.070707
0 0.377435 0.384560 0.055195 0.066378
0 0.478084 0.645022 0.056818 0.088023
0 0.234984 0.471140 0.051136 0.075036
0 0.150568 0.287157 0.038149 0.050505
0 0.101055 0.293651 0.041396 0.057720
0 0.076299 0.574315 0.047078 0.079365
0 0.788555 0.943001 0.044643 0.077922