0 0.068994 0.094517 0.029221 0.037518
0 0.025162 0.191198 0.027597 0.037518
0 0.147321 0.072150 0.041396 0.050505
0 0.261364 0.082251 0.037338 0.056277
0 0.349432 0.043290 0.047890 0.047619
0 0.439123 0.057720 0.045455 0.064935
0 0.534903 0.041847 0.055195 0.050505
0 0.583198 0.071429 0.049513 0.043290
0 0.038149 0.365079 0.035714 0.050505
0 0.078328 0.293651 0.043019 0.051948
0 0.131494 0.216450 0.038961 0.044733
0 0.224026 0.292208 0.045455 0.069264
0 0.351461 0.326840 0.048701 0.083694
0 0.191153 0.398268 0.043019 0.064935
0 0.137581 0.419913 0.044643 0.059163
0 0.258523 0.682540 0.056006 0.076479
0 0.350649 0.560606 0.056818 0.077922
0 0.463880 0.595960 0.064123 0.090909
0 0.482549 0.432900 0.060877 0.056277
0 0.536120 0.370851 0.052760 0.070707
0 0.362013 0.273449 0.042208 0.054834
0 0.657468 0.585137 0.050325 0.069264
0 0.599432 0.885281 0.068994 0.092352
0 0.423701 0.928571 0.073052 0.109668
0 0.215909 0.842713 0.050325 0.088023
0 0.177354 0.943001 0.056006 0.086580
0 0.053977 0.705628 0.036526 0.062049
0 0.086039 0.602453 0.047078 0.072150