0 0.127435 0.165945 0.040584 0.050505
0 0.061688 0.083694 0.029221 0.047619
0 0.015828 0.180375 0.031656 0.050505
0 0.072646 0.317460 0.036526 0.056277
0 0.198052 0.274892 0.043831 0.066378
0 0.239854 0.101010 0.046266 0.050505
0 0.325893 0.145743 0.049513 0.053391
0 0.285308 0.290765 0.051136 0.057720
0 0.394075 0.035354 0.043019 0.057720
0 0.478490 0.129870 0.051136 0.053391
0 0.130276 0.409812 0.051136 0.062049
0 0.191558 0.450938 0.038961 0.075036
0 0.052760 0.492063 0.035714 0.062049
0 0.030438 0.689033 0.036526 0.069264
0 0.104302 0.849928 0.043019 0.088023
0 0.143669 0.834776 0.051948 0.080808
0 0.318588 0.688312 0.052760 0.090909
0 0.437906 0.670996 0.054383 0.073593
0 0.553977 0.891053 0.060877 0.118326
0 0.646510 0.856421 0.072240 0.069264
0 0.759334 0.821068 0.062500 0.088023
0 0.562500 0.219336 0.045455 0.050505
0 0.525568 0.392496 0.049513 0.079365
0 0.621347 0.489899 0.054383 0.083694
0 0.683847 0.449495 0.046266 0.075036
0 0.507305 0.556277 0.068182 0.077922
0 0.407873 0.264791 0.047890 0.060606