0 0.070617 0.140693 0.030844 0.046176
0 0.147321 0.099567 0.039773 0.053391
0 0.232549 0.274170 0.049513 0.079365
0 0.116883 0.318182 0.030844 0.057720
0 0.125000 0.533189 0.043831 0.075036
0 0.058442 0.684704 0.040584 0.072150
0 0.225244 0.839105 0.051136 0.077922
0 0.383929 0.580808 0.055195 0.072150
0 0.401786 0.300866 0.051948 0.054834
0 0.394481 0.156566 0.037338 0.057720
0 0.574675 0.149351 0.051948 0.046176
0 0.591315 0.413420 0.046266 0.072150
0 0.510146 0.395382 0.060877 0.070707
0 0.558847 0.790043 0.065747 0.103896
0 0.672890 0.835498 0.066558 0.076479
0 0.387581 0.932179 0.059253 0.096681