1 0.211851 0.457431 0.040584 0.072150
0 0.124188 0.185426 0.037338 0.059163
0 0.153409 0.105339 0.037338 0.051948
0 0.231331 0.202020 0.038961 0.060606
0 0.304383 0.055556 0.042208 0.056277
0 0.400162 0.198413 0.050325 0.056277
0 0.477273 0.219336 0.050325 0.069264
0 0.523133 0.036075 0.043019 0.054834
0 0.607549 0.471140 0.059253 0.067821
0 0.504870 0.673882 0.069805 0.072150
0 0.593344 0.783550 0.068182 0.101010
0 0.686282 0.859307 0.062500 0.079365
0 0.373782 0.817460 0.064123 0.082251
0 0.248377 0.773449 0.060065 0.092352
0 0.329545 0.420635 0.051948 0.076479