0 0.045860 0.022006 0.030032 0.044012
0 0.119318 0.083694 0.037338 0.041847
0 0.181818 0.146465 0.038961 0.057720
0 0.240666 0.172439 0.044643 0.051948
0 0.333198 0.038240 0.043019 0.054834
0 0.389205 0.103175 0.049513 0.057720
0 0.471997 0.223665 0.047890 0.064935
0 0.520292 0.057720 0.037338 0.050505
0 0.603896 0.199134 0.040584 0.062049
0 0.564123 0.316017 0.051948 0.062049
0 0.695617 0.484127 0.060065 0.069264
0 0.681006 0.644300 0.043831 0.092352
0 0.584010 0.560606 0.065747 0.072150
0 0.452110 0.388889 0.060065 0.066378
0 0.383929 0.414863 0.053571 0.066378
0 0.483360 0.664502 0.057630 0.092352
0 0.368101 0.722222 0.062500 0.086580
0 0.241477 0.492063 0.054383 0.076479
0 0.155844 0.298701 0.045455 0.059163
0 0.103084 0.305195 0.035714 0.054834
0 0.069805 0.200577 0.030844 0.036075
0 0.037744 0.334776 0.031656 0.056277
0 0.081981 0.601732 0.048701 0.082251
0 0.021916 0.715007 0.035714 0.077922
0 0.202516 0.903319 0.047890 0.090909
0 0.259740 0.786436 0.053571 0.082251
0 0.012581 0.087302 0.025162 0.037518
0 0.800731 0.965729 0.049513 0.068542