0 0.138393 0.239538 0.043019 0.053391
0 0.065747 0.137807 0.030844 0.049062
0 0.026786 0.059885 0.030844 0.046176
0 0.105925 0.055556 0.028409 0.037518
0 0.240260 0.172439 0.048701 0.054834
0 0.145698 0.024892 0.036526 0.049784
0 0.318182 0.162338 0.047078 0.063492
0 0.415179 0.108225 0.047890 0.059163
0 0.493912 0.222222 0.054383 0.053391
0 0.500812 0.034632 0.040584 0.062049
0 0.591721 0.338384 0.050325 0.060606
0 0.570211 0.510101 0.057630 0.089466
0 0.433847 0.413420 0.056006 0.069264
0 0.226461 0.368687 0.047078 0.080808
0 0.025568 0.237374 0.034903 0.049062
0 0.088474 0.398268 0.037338 0.056277
0 0.025974 0.464646 0.038961 0.062049
0 0.079545 0.609668 0.038961 0.066378
0 0.167208 0.507215 0.047078 0.060606
0 0.226055 0.567821 0.043019 0.086580
0 0.385146 0.803030 0.060877 0.092352
0 0.469968 0.886724 0.056818 0.103896
0 0.560471 0.696248 0.073864 0.080808
0 0.663149 0.650794 0.064935 0.082251
0 0.710227 0.673882 0.056818 0.073593
0 0.324675 0.397547 0.051948 0.066378
0 0.070211 0.785714 0.036526 0.075036
0 0.219562 0.942280 0.052760 0.079365