0 0.146104 0.111111 0.040584 0.064935
0 0.044237 0.043290 0.034903 0.056277
0 0.045455 0.235931 0.034091 0.083694
0 0.231331 0.278499 0.051948 0.090909
0 0.299513 0.273449 0.050325 0.075036
0 0.311282 0.116162 0.044643 0.060606
0 0.434659 0.296537 0.060877 0.083694
0 0.564529 0.354978 0.064123 0.070707
0 0.564123 0.665224 0.069805 0.088023
0 0.356737 0.579365 0.062500 0.089466
0 0.142857 0.506494 0.051948 0.079365
0 0.038555 0.321789 0.039773 0.062049
0 0.062500 0.660173 0.050325 0.089466
0 0.258523 0.801587 0.062500 0.080808
0 0.385958 0.927850 0.062500 0.108225
0 0.443994 0.076479 0.050325 0.070707
0 0.517045 0.098846 0.043831 0.060606