0 0.145698 0.107504 0.036526 0.066378
0 0.038961 0.068543 0.035714 0.043290
0 0.078734 0.217172 0.038961 0.049062
0 0.149351 0.325397 0.042208 0.060606
0 0.056818 0.338384 0.040584 0.060606
0 0.014610 0.405483 0.029220 0.056277
0 0.245942 0.321068 0.055195 0.066378
0 0.229302 0.085859 0.043019 0.054834
0 0.352679 0.090909 0.044643 0.047619
0 0.419237 0.090909 0.049513 0.041847
0 0.510552 0.068543 0.055195 0.040404
0 0.564935 0.080808 0.048701 0.053391
0 0.560471 0.352092 0.054383 0.070707
0 0.675325 0.533911 0.056818 0.064935
0 0.481331 0.714286 0.053571 0.082251
0 0.636769 0.957792 0.068994 0.084416
0 0.394075 0.909812 0.060877 0.112554
0 0.258523 0.735931 0.059253 0.085137
0 0.055195 0.699134 0.034091 0.066378
0 0.154627 0.941558 0.052760 0.072150