0 0.015016 0.145022 0.030032 0.043290
0 0.101461 0.150072 0.030844 0.044733
0 0.146916 0.073593 0.038961 0.053391
0 0.264610 0.052670 0.035714 0.043290
0 0.368506 0.122655 0.045455 0.062049
0 0.487419 0.242424 0.047890 0.064935
0 0.584821 0.223665 0.056006 0.079365
0 0.614042 0.178211 0.052760 0.063492
0 0.724026 0.128427 0.047078 0.070707
0 0.796672 0.358586 0.054383 0.072150
0 0.695211 0.634921 0.062500 0.085137
0 0.761364 0.715007 0.058442 0.083694
0 0.550325 0.518038 0.069805 0.093795
0 0.341315 0.332612 0.056006 0.072150
0 0.464286 0.580087 0.060065 0.082251
0 0.375812 0.594517 0.053571 0.076479
0 0.254870 0.381674 0.047078 0.075036
0 0.205763 0.181818 0.038149 0.067821
0 0.123377 0.278499 0.037338 0.067821
0 0.164367 0.444444 0.036526 0.070707
0 0.047890 0.300144 0.034091 0.064935
0 0.082792 0.651515 0.045455 0.075036
0 0.169643 0.712121 0.048701 0.092352
0 0.272727 0.643579 0.058442 0.082251
0 0.479302 0.959235 0.057630 0.081530