0 0.032062 0.157287 0.030032 0.050505
0 0.013799 0.213564 0.027597 0.041847
0 0.119318 0.112554 0.034091 0.047619
0 0.209416 0.150794 0.042208 0.054834
0 0.280844 0.089466 0.042208 0.053391
0 0.357549 0.137807 0.046266 0.069264
0 0.553571 0.059885 0.045455 0.060606
0 0.664773 0.266955 0.051948 0.062049
0 0.741477 0.352814 0.047890 0.075036
0 0.582386 0.228716 0.059253 0.083694
0 0.486201 0.264791 0.060065 0.083694
0 0.331981 0.364358 0.056818 0.077922
0 0.174107 0.334055 0.047890 0.072150
0 0.281250 0.524531 0.052760 0.080808
0 0.080357 0.279221 0.037338 0.063492
0 0.133929 0.489177 0.043831 0.067821
0 0.019481 0.497114 0.037338 0.072150
0 0.059253 0.761905 0.042208 0.093795
0 0.217938 0.806638 0.047890 0.079365
0 0.260958 0.661616 0.046266 0.080808
0 0.404627 0.803752 0.067370 0.090909
0 0.351461 0.862915 0.061688 0.102453
0 0.453328 0.613276 0.043019 0.073593
0 0.560471 0.529582 0.067370 0.082251
0 0.642451 0.607504 0.057630 0.079365
0 0.701299 0.690476 0.060065 0.075036