0 0.090909 0.365079 0.040584 0.056277
0 0.040990 0.458874 0.034903 0.056277
0 0.029627 0.254690 0.028409 0.043290
0 0.068182 0.152958 0.037338 0.047619
0 0.163149 0.123377 0.032468 0.049062
0 0.289773 0.139250 0.035714 0.054834
0 0.356737 0.119048 0.044643 0.049062
0 0.450487 0.123377 0.047078 0.051948
0 0.538149 0.084416 0.045455 0.051948
0 0.593750 0.177489 0.047890 0.047619
0 0.381088 0.404762 0.046266 0.077922
0 0.415584 0.360029 0.043831 0.069264
0 0.532873 0.575758 0.060877 0.067821
0 0.571834 0.500000 0.054383 0.072150
0 0.249188 0.380231 0.045455 0.075036
0 0.155844 0.285714 0.045455 0.056277
0 0.219562 0.510823 0.046266 0.076479
0 0.154221 0.537518 0.048701 0.077922
0 0.117695 0.690476 0.045455 0.077922
0 0.306818 0.810245 0.058442 0.080808
0 0.385552 0.676768 0.064935 0.088023
0 0.504058 0.749639 0.069805 0.098124
0 0.697240 0.761905 0.053571 0.076479
0 0.269886 0.936508 0.047890 0.076479
0 0.093750 0.794372 0.041396 0.072150