0 0.114448 0.044012 0.034091 0.031746
0 0.186688 0.095960 0.038961 0.054834
0 0.274351 0.027778 0.037338 0.055556
0 0.419237 0.171717 0.049513 0.062049
0 0.466721 0.033189 0.042208 0.050505
0 0.532468 0.106782 0.042208 0.047619
0 0.497159 0.251804 0.051136 0.060606
0 0.612419 0.371573 0.044643 0.063492
0 0.484984 0.487734 0.051136 0.079365
0 0.622159 0.651515 0.051136 0.083694
0 0.735795 0.790043 0.059253 0.069264
0 0.391234 0.466089 0.051948 0.064935
0 0.258117 0.173160 0.043831 0.044733
0 0.160308 0.152958 0.036526 0.050505
0 0.231331 0.270563 0.043831 0.060606
0 0.276786 0.355700 0.042208 0.075036
0 0.159903 0.391775 0.040584 0.080808
0 0.076299 0.278499 0.042208 0.056277
0 0.036120 0.445887 0.038149 0.064935
0 0.269481 0.555556 0.051948 0.082251
0 0.518263 0.850649 0.057630 0.086580
0 0.387175 0.869408 0.071429 0.101010
0 0.308847 0.897547 0.059253 0.125541
0 0.241477 0.835498 0.051136 0.082251