1 0.194805 0.353535 0.048701 0.072150
0 0.099432 0.161616 0.036526 0.060606
0 0.124188 0.089466 0.024351 0.049062
0 0.212662 0.132756 0.035714 0.057720
0 0.273945 0.034632 0.038149 0.060606
0 0.390422 0.113276 0.048701 0.056277
0 0.451705 0.122655 0.051136 0.057720
0 0.576299 0.370130 0.053571 0.067821
0 0.291396 0.348485 0.047078 0.073593
0 0.491477 0.541126 0.065747 0.072150
0 0.566153 0.629149 0.070617 0.083694
0 0.670860 0.696970 0.062500 0.080808
0 0.337662 0.697691 0.060065 0.082251
0 0.230519 0.686869 0.047078 0.080808
0 0.464692 0.955267 0.065747 0.089466