0 0.041396 0.039683 0.027597 0.034632
0 0.074675 0.216450 0.035714 0.059163
0 0.180601 0.176768 0.034903 0.060606
0 0.299107 0.214286 0.041396 0.066378
0 0.374594 0.199134 0.046266 0.062049
0 0.473214 0.219336 0.051948 0.070707
0 0.528003 0.145743 0.043019 0.059163
0 0.629058 0.295094 0.053571 0.060606
0 0.460633 0.458874 0.044643 0.082251
0 0.429383 0.505051 0.051948 0.076479
0 0.275568 0.473304 0.047890 0.076479
0 0.172890 0.364358 0.040584 0.054834
0 0.099838 0.453102 0.043831 0.064935
0 0.037338 0.326118 0.029221 0.044733
0 0.057224 0.537518 0.038149 0.075036
0 0.189529 0.642857 0.044643 0.077922
0 0.251623 0.629149 0.048701 0.085137
0 0.420455 0.813131 0.071429 0.083694
0 0.612419 0.649351 0.064123 0.073593
0 0.582386 0.764069 0.060877 0.092352
0 0.545455 0.929293 0.064935 0.111111
0 0.738636 0.899711 0.056818 0.089466
0 0.355519 0.950938 0.061688 0.093795
0 0.150974 0.813853 0.048701 0.088023
0 0.021104 0.639250 0.040584 0.073593
0 0.133117 0.886724 0.037338 0.080808