0 0.042614 0.041126 0.033279 0.043290
0 0.145292 0.107504 0.035714 0.066378
0 0.227679 0.071429 0.043019 0.054834
0 0.349838 0.062049 0.040584 0.047619
0 0.411932 0.054113 0.051136 0.040404
0 0.496753 0.033911 0.047078 0.034632
0 0.552354 0.042569 0.049513 0.049062
0 0.543425 0.310245 0.051136 0.070707
0 0.661526 0.471861 0.058442 0.067821
0 0.458604 0.671717 0.051948 0.072150
0 0.235795 0.306638 0.056006 0.069264
0 0.081575 0.217172 0.039773 0.049062
0 0.148539 0.329004 0.037338 0.070707
0 0.051136 0.318182 0.035714 0.060606
0 0.044237 0.678211 0.034903 0.064935
0 0.251623 0.686147 0.056818 0.083694
0 0.392857 0.902597 0.061688 0.098124
0 0.614448 0.903319 0.063312 0.096681
0 0.711445 0.901876 0.057630 0.099567
0 0.153815 0.894661 0.052760 0.064935