0 0.145698 0.106061 0.036526 0.057720
0 0.063312 0.111833 0.035714 0.043290
0 0.091315 0.315296 0.036526 0.066378
0 0.230925 0.278499 0.051136 0.079365
0 0.377029 0.258297 0.043019 0.073593
0 0.378653 0.118326 0.044643 0.067821
0 0.509740 0.310245 0.060065 0.067821
0 0.566964 0.341991 0.043019 0.073593
0 0.564123 0.095238 0.051948 0.044733
0 0.527597 0.676768 0.068182 0.093795
0 0.644481 0.735209 0.064935 0.069264
0 0.501218 0.898268 0.054383 0.098124
0 0.362419 0.497835 0.057630 0.062049
0 0.383523 0.921356 0.059253 0.098124
0 0.213474 0.768398 0.051948 0.080808
0 0.097403 0.490620 0.048701 0.082251
0 0.042614 0.639971 0.036526 0.066378
0 0.149756 0.945887 0.046266 0.092352