0 0.147321 0.106061 0.039773 0.057720
0 0.085227 0.202742 0.034091 0.043290
0 0.023945 0.216450 0.034903 0.067821
0 0.136769 0.354978 0.034903 0.062049
0 0.231737 0.278499 0.052760 0.079365
0 0.195211 0.627706 0.049513 0.096681
0 0.109984 0.792208 0.039773 0.082251
0 0.448052 0.813131 0.060065 0.086580
0 0.392857 0.916306 0.063312 0.096681
0 0.435065 0.487013 0.055195 0.066378
0 0.571023 0.663059 0.065747 0.083694
0 0.653815 0.692641 0.051136 0.079365
0 0.486607 0.187590 0.051136 0.064935
0 0.620942 0.310245 0.051948 0.062049