1 0.121347 0.089466 0.034903 0.063492
0 0.166802 0.269841 0.039773 0.064935
0 0.189529 0.075758 0.034903 0.051948
0 0.262987 0.260462 0.045455 0.063492
0 0.373782 0.295094 0.046266 0.066378
0 0.398133 0.090188 0.044643 0.054834
0 0.454140 0.134921 0.054383 0.069264
0 0.545049 0.099567 0.039773 0.053391
0 0.597808 0.396104 0.054383 0.077922
0 0.442370 0.349928 0.050325 0.069264
0 0.506899 0.462482 0.057630 0.080808
0 0.701299 0.753968 0.055195 0.075036
0 0.584416 0.869408 0.055195 0.095238
0 0.456575 0.691919 0.059253 0.083694
0 0.334821 0.650794 0.056006 0.082251
0 0.213880 0.588745 0.051136 0.076479