0 0.063312 0.163781 0.038961 0.049062
0 0.103084 0.158009 0.038961 0.069264
0 0.155438 0.117605 0.039773 0.066378
0 0.293425 0.119048 0.039773 0.046176
0 0.429789 0.113997 0.044643 0.053391
0 0.485390 0.127706 0.047078 0.060606
0 0.528815 0.069986 0.044643 0.049062
0 0.570617 0.334776 0.055195 0.059163
0 0.447646 0.432179 0.051136 0.072150
0 0.551136 0.515152 0.061688 0.079365
0 0.663555 0.715007 0.060877 0.069264
0 0.532873 0.891775 0.068994 0.113997
0 0.564123 0.855700 0.055195 0.090909
0 0.356737 0.421356 0.047890 0.076479
0 0.236201 0.349928 0.048701 0.066378
0 0.113231 0.391053 0.043019 0.079365
0 0.078734 0.551227 0.040584 0.070707
0 0.161526 0.663781 0.045455 0.082251
0 0.255276 0.624820 0.051136 0.062049
0 0.407873 0.805916 0.059253 0.095238
0 0.147727 0.785714 0.051948 0.072150
0 0.103490 0.855700 0.043019 0.064935
0 0.281656 0.923521 0.055195 0.105339
0 0.387581 0.954906 0.067370 0.090188