0 0.039367 0.326118 0.036526 0.047619
0 0.019481 0.139250 0.022727 0.028860
0 0.040179 0.127706 0.025162 0.037518
0 0.086039 0.183261 0.035714 0.047619
0 0.119318 0.134921 0.034091 0.046176
0 0.164773 0.097403 0.035714 0.049062
0 0.273133 0.051948 0.036526 0.047619
0 0.316964 0.168110 0.047890 0.060606
0 0.378247 0.097403 0.040584 0.057720
0 0.447240 0.080808 0.040584 0.059163
0 0.537744 0.147908 0.047890 0.057720
0 0.431006 0.226551 0.056818 0.073593
0 0.506088 0.382395 0.062500 0.062049
0 0.635552 0.531746 0.050325 0.069264
0 0.610795 0.665224 0.065747 0.082251
0 0.259740 0.261905 0.050325 0.060606
0 0.161932 0.349928 0.044643 0.054834
0 0.117695 0.519481 0.040584 0.067821
0 0.043831 0.603896 0.038961 0.075036
0 0.207792 0.629870 0.048701 0.077922
0 0.268263 0.494949 0.054383 0.085137
0 0.397727 0.590188 0.056818 0.085137
0 0.496347 0.678932 0.057630 0.086580
0 0.607549 0.911977 0.078734 0.122655
0 0.713068 0.891775 0.065747 0.111111
0 0.756494 0.901154 0.056818 0.086580
0 0.138393 0.923521 0.043019 0.082251
0 0.139610 0.761183 0.037338 0.077922
0 0.287338 0.709235 0.047078 0.083694