0 0.025162 0.116162 0.032468 0.046176
0 0.105925 0.067100 0.038149 0.049062
0 0.079545 0.215729 0.038961 0.057720
0 0.148945 0.261183 0.043019 0.064935
0 0.101055 0.424964 0.044643 0.072150
0 0.034497 0.695527 0.041396 0.093795
0 0.252841 0.419913 0.051136 0.067821
0 0.293425 0.305195 0.047890 0.072150
0 0.258523 0.087302 0.043019 0.054834
0 0.202110 0.093074 0.038961 0.054834
0 0.350649 0.137085 0.045455 0.076479
0 0.491883 0.253968 0.061688 0.088023
0 0.567370 0.067100 0.043831 0.060606
0 0.650568 0.163059 0.047890 0.053391
0 0.586039 0.238095 0.056818 0.093795
0 0.721591 0.245310 0.045455 0.053391
0 0.666396 0.489177 0.061688 0.079365
0 0.558442 0.523810 0.068182 0.079365
0 0.737013 0.582251 0.055195 0.075036
0 0.612825 0.895382 0.073052 0.101010
0 0.428977 0.505772 0.043019 0.080808
0 0.381494 0.678932 0.063312 0.103896
0 0.317370 0.713564 0.056818 0.092352
0 0.225244 0.551948 0.043019 0.075036
0 0.204951 0.721501 0.046266 0.079365
0 0.171266 0.926407 0.055195 0.088023