0 0.044237 0.191198 0.036526 0.060606
0 0.025162 0.284271 0.034091 0.059163
0 0.050731 0.580087 0.049513 0.079365
0 0.127029 0.445887 0.041396 0.067821
0 0.229302 0.277056 0.049513 0.093795
0 0.144075 0.106782 0.039773 0.067821
0 0.272321 0.232323 0.039773 0.070707
0 0.279221 0.099567 0.042208 0.073593
0 0.406250 0.215729 0.057630 0.075036
0 0.498782 0.038600 0.041396 0.077200
0 0.543425 0.279942 0.060877 0.067821
0 0.548701 0.550505 0.066558 0.080808
0 0.359578 0.477633 0.056818 0.079365
0 0.383523 0.924242 0.062500 0.106782
0 0.514205 0.877345 0.067370 0.119769
0 0.224838 0.748918 0.051948 0.082251
0 0.153409 0.952020 0.047078 0.095960