0 0.120942 0.057720 0.030844 0.030303
0 0.194805 0.123377 0.040584 0.057720
0 0.226461 0.026696 0.035714 0.046176
0 0.280844 0.045455 0.040584 0.051948
0 0.474838 0.049062 0.045455 0.047619
0 0.547484 0.139971 0.047890 0.044733
0 0.427760 0.212843 0.053571 0.054834
0 0.504464 0.290765 0.054383 0.063492
0 0.626623 0.417749 0.047078 0.054834
0 0.165179 0.170274 0.034903 0.053391
0 0.269481 0.206349 0.045455 0.047619
0 0.236201 0.314574 0.047078 0.067821
0 0.285714 0.399711 0.042208 0.070707
0 0.178166 0.434343 0.041396 0.073593
0 0.078734 0.318182 0.035714 0.054834
0 0.047078 0.504329 0.040584 0.060606
0 0.288555 0.616162 0.052760 0.076479
0 0.411932 0.538240 0.052760 0.076479
0 0.501218 0.551227 0.054383 0.082251
0 0.640016 0.719336 0.051136 0.083694
0 0.756088 0.870851 0.059253 0.072150
0 0.536526 0.925685 0.053571 0.083694
0 0.268263 0.899711 0.054383 0.080808