0 0.047890 0.014791 0.024351 0.029582
0 0.140016 0.036797 0.038149 0.049062
0 0.139610 0.177489 0.034091 0.064935
0 0.064123 0.199134 0.032468 0.059163
0 0.025974 0.274892 0.029221 0.057720
0 0.107955 0.328283 0.042208 0.072150
0 0.209416 0.454545 0.050325 0.079365
0 0.174513 0.603175 0.048701 0.082251
0 0.033279 0.595960 0.040584 0.073593
0 0.116477 0.841270 0.049513 0.096681
0 0.308036 0.839827 0.057630 0.079365
0 0.341315 0.673882 0.052760 0.088023
0 0.368101 0.483405 0.057630 0.088023
0 0.232143 0.241703 0.043831 0.054834
0 0.272321 0.150794 0.041396 0.057720
0 0.393669 0.115440 0.045455 0.076479
0 0.552760 0.063492 0.045455 0.073593
0 0.651380 0.040404 0.034903 0.044733
0 0.701705 0.117605 0.034903 0.051948
0 0.575487 0.232323 0.064935 0.079365
0 0.485390 0.277056 0.047078 0.070707
0 0.557224 0.546898 0.065747 0.082251
0 0.668425 0.439394 0.054383 0.063492
0 0.754464 0.506494 0.054383 0.070707
0 0.646510 0.779942 0.059253 0.098124
0 0.706575 0.845599 0.067370 0.099567
0 0.509740 0.743867 0.056818 0.095238
0 0.238636 0.933622 0.061688 0.090909
0 0.459010 0.944084 0.068994 0.111832