0 0.067776 0.165945 0.034903 0.056277
0 0.170860 0.142857 0.038149 0.053391
0 0.289773 0.159452 0.040584 0.066378
0 0.362825 0.138528 0.047078 0.053391
0 0.453328 0.152958 0.047890 0.067821
0 0.532062 0.092352 0.043019 0.053391
0 0.256494 0.395382 0.045455 0.076479
0 0.162338 0.302309 0.037338 0.049062
0 0.030844 0.272727 0.029221 0.044733
0 0.097808 0.387446 0.038149 0.054834
0 0.047890 0.476912 0.038961 0.060606
0 0.159497 0.564935 0.044643 0.080808
0 0.223620 0.538961 0.047890 0.080808
0 0.394886 0.702742 0.064123 0.082251
0 0.390828 0.427850 0.052760 0.075036
0 0.433442 0.378788 0.042208 0.063492
0 0.601461 0.207792 0.047078 0.056277
0 0.707386 0.799423 0.056006 0.076479
0 0.581575 0.533911 0.054383 0.073593
0 0.545455 0.624820 0.058442 0.079365
0 0.126623 0.720058 0.043831 0.076479
0 0.105114 0.813131 0.041396 0.080808
0 0.276380 0.950216 0.047890 0.083694
0 0.321023 0.847763 0.059253 0.089466
0 0.517451 0.796537 0.062500 0.111111