0 0.123377 0.097403 0.035714 0.043290
0 0.211851 0.064214 0.038961 0.049062
0 0.312906 0.067100 0.036526 0.057720
0 0.391640 0.113276 0.041396 0.051948
0 0.455357 0.192641 0.055195 0.063492
0 0.505682 0.099567 0.050325 0.067821
0 0.612419 0.294372 0.044643 0.059163
0 0.555195 0.495671 0.060065 0.072150
0 0.435065 0.461760 0.055195 0.079365
0 0.334416 0.341270 0.050325 0.066378
0 0.239854 0.296537 0.049513 0.060606
0 0.169237 0.304473 0.046266 0.062049
0 0.329545 0.552670 0.048701 0.088023
0 0.222403 0.588023 0.051948 0.075036
0 0.419237 0.655123 0.062500 0.085137
0 0.551136 0.788600 0.068182 0.083694
0 0.682224 0.691198 0.060877 0.085137
0 0.664773 0.927850 0.060065 0.079365