0 0.019481 0.163781 0.038961 0.043290
0 0.058847 0.323232 0.033279 0.062049
0 0.108360 0.169553 0.031656 0.046176
0 0.148539 0.096681 0.035714 0.053391
0 0.218344 0.209957 0.040584 0.060606
0 0.270292 0.082251 0.035714 0.047619
0 0.368912 0.123377 0.046266 0.066378
0 0.490666 0.257576 0.052760 0.063492
0 0.584416 0.233045 0.053571 0.092352
0 0.632305 0.227994 0.050325 0.073593
0 0.626623 0.029221 0.038961 0.058442
0 0.715097 0.129870 0.045455 0.064935
0 0.781656 0.383838 0.051948 0.076479
0 0.699269 0.690476 0.062500 0.075036
0 0.762581 0.781385 0.057630 0.075036
0 0.553166 0.515873 0.067370 0.089466
0 0.360795 0.368687 0.054383 0.072150
0 0.476461 0.639250 0.064935 0.096681
0 0.392451 0.652237 0.052760 0.079365
0 0.266640 0.422799 0.051136 0.073593
0 0.136364 0.300144 0.038961 0.067821
0 0.183442 0.478355 0.040584 0.072150
0 0.022727 0.487734 0.042208 0.067821
0 0.094968 0.705628 0.043831 0.079365
0 0.193182 0.779942 0.050325 0.095238
0 0.285714 0.712843 0.060065 0.093795