0 0.112825 0.088023 0.037338 0.053391
0 0.043831 0.097403 0.035714 0.051948
0 0.181006 0.226551 0.042208 0.059163
0 0.214286 0.126263 0.045455 0.060606
0 0.315747 0.229437 0.040584 0.062049
0 0.352679 0.130592 0.056006 0.060606
0 0.503653 0.240981 0.051136 0.079365
0 0.580357 0.086580 0.045455 0.053391
0 0.585227 0.230880 0.055195 0.088023
0 0.661120 0.183261 0.041396 0.062049
0 0.747971 0.242424 0.047890 0.064935
0 0.659497 0.528860 0.060877 0.077922
0 0.728896 0.606061 0.058442 0.079365
0 0.551948 0.512266 0.068182 0.099567
0 0.274756 0.355700 0.041396 0.069264
0 0.441558 0.578644 0.066558 0.079365
0 0.322240 0.650072 0.058442 0.069264
0 0.207386 0.430014 0.041396 0.085137
0 0.151786 0.282828 0.037338 0.053391
0 0.045860 0.258297 0.039773 0.056277
0 0.094968 0.466089 0.038961 0.073593
0 0.245536 0.700577 0.047890 0.075036
0 0.060471 0.688312 0.046266 0.076479
0 0.161932 0.957792 0.054383 0.084416
0 0.564529 0.888167 0.065747 0.129870