0 0.019075 0.162338 0.023539 0.037518
0 0.062906 0.072150 0.030032 0.050505
0 0.147321 0.049062 0.039773 0.041847
0 0.250812 0.046176 0.035714 0.064935
0 0.574675 0.021284 0.048701 0.042568
0 0.123782 0.191919 0.036526 0.044733
0 0.076705 0.253968 0.039773 0.047619
0 0.028409 0.325397 0.030844 0.046176
0 0.128247 0.364358 0.045455 0.063492
0 0.176948 0.358586 0.043831 0.075036
0 0.212256 0.253247 0.044643 0.069264
0 0.341315 0.303030 0.047890 0.070707
0 0.340097 0.233045 0.042208 0.063492
0 0.465097 0.372294 0.055195 0.064935
0 0.522727 0.321068 0.050325 0.054834
0 0.634740 0.507937 0.051948 0.067821
0 0.454545 0.534632 0.068182 0.095238
0 0.332386 0.504329 0.052760 0.075036
0 0.241883 0.613276 0.056818 0.076479
0 0.078328 0.560606 0.041396 0.075036
0 0.039367 0.650072 0.038149 0.049062
0 0.211445 0.795094 0.047890 0.076479
0 0.389205 0.858586 0.070617 0.088023
0 0.582792 0.792208 0.069805 0.082251
0 0.682630 0.943723 0.068182 0.093795
0 0.149351 0.896104 0.055195 0.090909