0 0.012581 0.106061 0.025162 0.034632
0 0.053571 0.037518 0.029221 0.050505
0 0.192370 0.196248 0.040584 0.056277
0 0.093750 0.147908 0.030032 0.043290
0 0.064123 0.212121 0.038961 0.044733
0 0.033279 0.258297 0.034091 0.036075
0 0.107143 0.282107 0.040584 0.057720
0 0.153815 0.278499 0.038149 0.064935
0 0.062094 0.476912 0.041396 0.066378
0 0.021510 0.549784 0.036526 0.053391
0 0.206575 0.514430 0.049513 0.063492
0 0.298295 0.413420 0.056006 0.063492
0 0.320617 0.240981 0.047078 0.064935
0 0.315747 0.159452 0.042208 0.054834
0 0.435877 0.268398 0.047078 0.053391
0 0.487013 0.227994 0.048701 0.062049
0 0.605925 0.357864 0.049513 0.070707
0 0.434659 0.427128 0.060877 0.079365
0 0.549107 0.625541 0.067370 0.072150
0 0.344968 0.717172 0.058442 0.090909
0 0.297078 0.858586 0.056818 0.093795
0 0.168019 0.679654 0.045455 0.073593
0 0.107955 0.797980 0.040584 0.088023
0 0.655438 0.861472 0.065747 0.108225
0 0.725649 0.836941 0.060065 0.073593