0 0.148539 0.098124 0.037338 0.047619
0 0.065747 0.126984 0.034091 0.038961
0 0.109172 0.318903 0.031656 0.062049
0 0.232549 0.271284 0.051136 0.082251
0 0.391640 0.142136 0.039773 0.057720
0 0.575893 0.127706 0.052760 0.043290
0 0.393669 0.288600 0.047078 0.053391
0 0.510146 0.362193 0.060877 0.064935
0 0.583604 0.388889 0.045455 0.075036
0 0.375000 0.554113 0.055195 0.064935
0 0.114042 0.518759 0.044643 0.077922
0 0.049513 0.673882 0.037338 0.070707
0 0.223620 0.814574 0.054383 0.077922
0 0.388799 0.929293 0.061688 0.093795
0 0.512987 0.954906 0.055195 0.090188
0 0.547890 0.746753 0.064935 0.089466
0 0.666802 0.804473 0.068994 0.077922