0 0.058036 0.059163 0.034903 0.041847
0 0.146104 0.109668 0.043831 0.064935
0 0.231331 0.277056 0.055195 0.082251
0 0.327922 0.340548 0.053571 0.073593
0 0.323458 0.157287 0.038149 0.056277
0 0.475649 0.145022 0.058442 0.063492
0 0.538149 0.182540 0.042208 0.054834
0 0.066964 0.258297 0.031656 0.059163
0 0.056006 0.392496 0.040584 0.076479
0 0.170455 0.582973 0.050325 0.079365
0 0.087256 0.759740 0.052760 0.089466
0 0.288149 0.931457 0.064935 0.092352
0 0.386769 0.930014 0.064123 0.112554
0 0.402597 0.697691 0.050325 0.086580
0 0.456575 0.419913 0.064123 0.082251
0 0.585633 0.473304 0.065747 0.070707
0 0.588474 0.811688 0.069805 0.109668
0 0.017857 0.507215 0.035714 0.046176