0 0.114448 0.064214 0.034091 0.043290
0 0.175325 0.127706 0.038961 0.054834
0 0.012987 0.067100 0.025974 0.040404
0 0.061282 0.170274 0.033279 0.050505
0 0.101867 0.282828 0.036526 0.056277
0 0.146916 0.274892 0.040584 0.069264
0 0.235795 0.148629 0.047890 0.044733
0 0.395292 0.077201 0.047078 0.063492
0 0.467532 0.193362 0.047078 0.067821
0 0.556818 0.272727 0.050325 0.062049
0 0.594968 0.156566 0.043831 0.066378
0 0.681818 0.422078 0.055195 0.080808
0 0.672890 0.581530 0.042208 0.093795
0 0.568994 0.502886 0.058442 0.083694
0 0.447240 0.344156 0.060065 0.066378
0 0.370942 0.360029 0.051948 0.060606
0 0.474432 0.630592 0.057630 0.099567
0 0.232143 0.450938 0.048701 0.072150
0 0.348214 0.639971 0.058442 0.083694
0 0.248377 0.722222 0.048701 0.080808
0 0.360795 0.917749 0.059253 0.128427
0 0.661932 0.940837 0.075487 0.082251
0 0.771104 0.893218 0.047078 0.079365
0 0.070617 0.543290 0.043831 0.075036
0 0.175325 0.839827 0.047078 0.085137
0 0.137581 0.920635 0.047890 0.088023