0 0.055601 0.039683 0.030032 0.025974
0 0.141640 0.076479 0.039773 0.056277
0 0.280844 0.199134 0.038961 0.073593
0 0.162338 0.235209 0.038961 0.062049
0 0.080357 0.238095 0.035714 0.059163
0 0.039367 0.329726 0.034903 0.057720
0 0.112013 0.393939 0.040584 0.070707
0 0.050731 0.682540 0.038149 0.088023
0 0.161120 0.911255 0.054383 0.095238
0 0.203734 0.711400 0.047078 0.085137
0 0.231737 0.561328 0.051136 0.085137
0 0.260146 0.321789 0.043019 0.064935
0 0.406250 0.582973 0.059253 0.096681
0 0.486201 0.295094 0.051948 0.066378
0 0.583604 0.248196 0.053571 0.073593
0 0.400974 0.103896 0.042208 0.067821
0 0.551542 0.063492 0.043019 0.064935
0 0.657873 0.119769 0.038149 0.053391
0 0.713880 0.204185 0.036526 0.060606
0 0.664367 0.592352 0.057630 0.092352
0 0.758929 0.655123 0.055195 0.076479
0 0.553571 0.586580 0.063312 0.080808
0 0.551136 0.904762 0.063312 0.105339
0 0.373782 0.796537 0.059253 0.093795
0 0.650162 0.937951 0.071429 0.099567