0 0.044237 0.021284 0.030032 0.042568
0 0.144481 0.099567 0.038961 0.059163
0 0.228896 0.051948 0.040584 0.056277
0 0.349026 0.024170 0.043831 0.048340
0 0.516234 0.262626 0.053571 0.067821
0 0.642857 0.417027 0.053571 0.064935
0 0.452516 0.612554 0.052760 0.077922
0 0.604708 0.815296 0.068182 0.093795
0 0.685065 0.845599 0.055195 0.088023
0 0.486607 0.939394 0.060877 0.108225
0 0.391234 0.906926 0.066558 0.103896
0 0.239448 0.642136 0.055195 0.085137
0 0.229302 0.295094 0.051136 0.077922
0 0.146104 0.339105 0.037338 0.062049
0 0.084821 0.215007 0.039773 0.053391
0 0.038961 0.290043 0.035714 0.059163
0 0.027192 0.649351 0.033279 0.076479
0 0.146104 0.851371 0.050325 0.064935