0 0.118506 0.049062 0.030844 0.038961
0 0.189935 0.108947 0.038961 0.051948
0 0.281250 0.037518 0.034903 0.053391
0 0.422890 0.189755 0.048701 0.057720
0 0.473214 0.036797 0.040584 0.046176
0 0.540990 0.125541 0.046266 0.059163
0 0.500000 0.270563 0.053571 0.060606
0 0.263799 0.189755 0.043831 0.043290
0 0.162744 0.163059 0.036526 0.053391
0 0.234172 0.292929 0.044643 0.067821
0 0.075487 0.297258 0.038961 0.059163
0 0.167208 0.411255 0.040584 0.079365
0 0.038961 0.477633 0.040584 0.062049
0 0.276380 0.582251 0.051136 0.075036
0 0.280032 0.374459 0.040584 0.075036
0 0.403003 0.501443 0.054383 0.077922
0 0.493101 0.519481 0.051136 0.079365
0 0.620536 0.398268 0.052760 0.062049
0 0.629464 0.683983 0.051136 0.076479
0 0.744724 0.829004 0.060877 0.066378
0 0.525568 0.891775 0.057630 0.090909
0 0.396510 0.914141 0.070617 0.089466
0 0.314935 0.930014 0.055195 0.115440
0 0.254058 0.869408 0.050325 0.086580