0 0.121347 0.074315 0.039773 0.049062
0 0.209416 0.150794 0.038961 0.054834
0 0.231331 0.047619 0.037338 0.047619
0 0.291802 0.071429 0.041396 0.051948
0 0.480925 0.076479 0.046266 0.050505
0 0.556006 0.178211 0.050325 0.051948
0 0.431006 0.253968 0.053571 0.062049
0 0.517451 0.336219 0.054383 0.062049
0 0.635146 0.468254 0.051136 0.063492
0 0.277597 0.230159 0.047078 0.046176
0 0.170860 0.179654 0.041396 0.051948
0 0.082792 0.357864 0.038961 0.059163
0 0.242695 0.357143 0.047078 0.066378
0 0.301542 0.444444 0.046266 0.082251
0 0.195211 0.486291 0.044643 0.076479
0 0.053571 0.570707 0.037338 0.080808
0 0.304383 0.684704 0.055195 0.077922
0 0.438718 0.604618 0.054383 0.076479
0 0.513393 0.611111 0.054383 0.072150
0 0.655438 0.797980 0.056006 0.096681
0 0.770698 0.953824 0.064123 0.073593