0 0.135552 0.240260 0.034091 0.054834
0 0.033279 0.227273 0.037338 0.054834
0 0.255682 0.300866 0.045455 0.072150
0 0.208198 0.088745 0.044643 0.060606
0 0.165990 0.176768 0.039773 0.060606
0 0.105925 0.051227 0.036526 0.046176
0 0.042208 0.057720 0.032468 0.036075
0 0.355114 0.121934 0.060877 0.054834
0 0.302760 0.165945 0.037338 0.053391
0 0.502435 0.242424 0.048701 0.073593
0 0.566964 0.067100 0.043019 0.051948
0 0.643669 0.128427 0.042208 0.059163
0 0.737013 0.178211 0.042208 0.051948
0 0.586445 0.227273 0.051136 0.072150
0 0.665584 0.417027 0.061688 0.082251
0 0.754058 0.514430 0.056818 0.075036
0 0.406250 0.504329 0.057630 0.075036
0 0.553977 0.515152 0.064123 0.093795
0 0.181818 0.383838 0.042208 0.073593
0 0.305601 0.583694 0.052760 0.069264
0 0.230114 0.608225 0.044643 0.075036
0 0.082792 0.407648 0.042208 0.066378
0 0.047484 0.615440 0.046266 0.072150
0 0.138799 0.878066 0.051948 0.089466
0 0.329951 0.897547 0.057630 0.096681
0 0.446429 0.856421 0.050325 0.083694
0 0.526380 0.827561 0.059253 0.126984
0 0.708604 0.896825 0.064935 0.098124