0 0.065747 0.079365 0.029221 0.038961
0 0.146510 0.110390 0.038149 0.063492
0 0.230519 0.276335 0.048701 0.077922
0 0.084416 0.282828 0.032468 0.056277
0 0.084416 0.423521 0.035714 0.054834
0 0.028409 0.568543 0.037338 0.050505
0 0.186282 0.680375 0.046266 0.069264
0 0.112013 0.861472 0.045455 0.090909
0 0.383523 0.928571 0.059253 0.095238
0 0.350649 0.401154 0.051948 0.059163
0 0.353490 0.202020 0.039773 0.050505
0 0.361607 0.072872 0.046266 0.054834
0 0.484578 0.220779 0.056818 0.064935
0 0.561688 0.248918 0.045455 0.057720
0 0.622159 0.589466 0.064123 0.072150
0 0.487419 0.540404 0.059253 0.092352
0 0.458198 0.782107 0.056006 0.082251
0 0.604302 0.949134 0.065747 0.101732
0 0.567370 0.023088 0.048701 0.041847