0 0.123377 0.077201 0.029221 0.034632
0 0.455763 0.059163 0.051136 0.050505
0 0.543019 0.135642 0.048701 0.062049
0 0.490666 0.204906 0.052760 0.062049
0 0.442776 0.189033 0.044643 0.064935
0 0.306006 0.181097 0.040584 0.054834
0 0.172890 0.175325 0.043831 0.057720
0 0.112419 0.222222 0.041396 0.053391
0 0.075893 0.219336 0.033279 0.047619
0 0.132711 0.474747 0.041396 0.076479
0 0.262581 0.448052 0.047890 0.080808
0 0.378247 0.541847 0.051948 0.080808
0 0.492695 0.566378 0.060065 0.077922
0 0.591721 0.427128 0.061688 0.067821
0 0.581169 0.681097 0.064935 0.099567
0 0.709416 0.909091 0.064935 0.096681
0 0.289773 0.752525 0.056818 0.075036
0 0.214692 0.752525 0.049513 0.095238
0 0.102679 0.675325 0.041396 0.070707
0 0.205763 0.902597 0.046266 0.083694
0 0.457792 0.956349 0.061688 0.087302