0 0.066153 0.518038 0.046266 0.082251
0 0.228084 0.425685 0.048701 0.070707
0 0.144481 0.261183 0.040584 0.064935
0 0.099432 0.270563 0.039773 0.051948
0 0.033279 0.290043 0.037338 0.050505
0 0.056818 0.147908 0.035714 0.046176
0 0.110390 0.051948 0.037338 0.047619
0 0.176136 0.109668 0.038961 0.053391
0 0.232549 0.137085 0.044643 0.041847
0 0.393669 0.062049 0.047078 0.062049
0 0.465909 0.170996 0.045455 0.057720
0 0.549513 0.251804 0.051948 0.060606
0 0.587662 0.132756 0.038961 0.062049
0 0.682224 0.384560 0.054383 0.066378
0 0.559253 0.462482 0.058442 0.072150
0 0.666802 0.542569 0.044643 0.082251
0 0.764205 0.849928 0.046266 0.076479
0 0.656656 0.916306 0.077922 0.105339
0 0.461039 0.606061 0.056818 0.090909
0 0.544237 0.953463 0.070617 0.093074
0 0.443588 0.320346 0.057630 0.064935
0 0.370536 0.336219 0.054383 0.062049
0 0.340097 0.590909 0.058442 0.072150
0 0.238636 0.691198 0.047078 0.082251
0 0.345779 0.869408 0.058442 0.118326
0 0.162338 0.811688 0.045455 0.086580
0 0.131088 0.901876 0.046266 0.096681