1 0.134740 0.136364 0.035714 0.056277
0 0.025974 0.102453 0.027597 0.050505
0 0.070617 0.022727 0.030844 0.045454
0 0.209010 0.138528 0.038149 0.056277
0 0.287338 0.326118 0.050325 0.064935
0 0.195211 0.341270 0.044643 0.069264
0 0.401380 0.432900 0.057630 0.073593
0 0.468750 0.475469 0.056006 0.072150
0 0.547078 0.598846 0.058442 0.085137
0 0.637987 0.562771 0.051948 0.070707
0 0.577110 0.215729 0.047078 0.054834
0 0.487825 0.225108 0.055195 0.073593
0 0.415584 0.189033 0.047078 0.064935
0 0.450487 0.100289 0.048701 0.051948
0 0.255276 0.730880 0.051136 0.080808
0 0.380276 0.847042 0.062500 0.088023
0 0.520292 0.867244 0.061688 0.088023
0 0.732549 0.960678 0.059253 0.078644