0 0.106331 0.170274 0.038961 0.053391
0 0.157468 0.126263 0.038961 0.057720
0 0.297078 0.131313 0.042208 0.053391
0 0.433847 0.128427 0.046266 0.062049
0 0.491477 0.147186 0.049513 0.062049
0 0.532468 0.082251 0.047078 0.047619
0 0.240666 0.371573 0.047890 0.066378
0 0.117289 0.411255 0.036526 0.067821
0 0.083604 0.577922 0.040584 0.069264
0 0.174919 0.683261 0.043019 0.086580
0 0.265828 0.654401 0.052760 0.066378
0 0.421672 0.841991 0.054383 0.092352
0 0.360390 0.442280 0.048701 0.077922
0 0.463474 0.455988 0.053571 0.073593
0 0.576299 0.347763 0.053571 0.064935
0 0.558847 0.550505 0.062500 0.086580
0 0.670455 0.764791 0.060065 0.076479
0 0.294643 0.949134 0.060065 0.101732
0 0.163555 0.816017 0.047890 0.080808
0 0.118912 0.881674 0.046266 0.064935
0 0.544237 0.932179 0.062500 0.119769
0 0.573052 0.894661 0.053571 0.090909
0 0.117289 0.025974 0.031656 0.044733
0 0.064529 0.176768 0.034903 0.051948