1 0.190747 0.331169 0.048701 0.088023
0 0.116883 0.090188 0.022727 0.053391
0 0.095779 0.155844 0.035714 0.057720
0 0.206575 0.117605 0.034903 0.056277
0 0.262175 0.028139 0.037338 0.056277
0 0.390828 0.093074 0.051136 0.050505
0 0.449675 0.097403 0.048701 0.053391
0 0.567370 0.336941 0.051948 0.059163
0 0.485795 0.502165 0.064123 0.063492
0 0.284903 0.333333 0.045455 0.072150
0 0.329951 0.665224 0.057630 0.083694
0 0.223214 0.658009 0.047078 0.077922
0 0.663555 0.649351 0.056006 0.066378
0 0.558442 0.589466 0.068182 0.079365
0 0.452922 0.922078 0.068182 0.095238
0 0.543019 0.930736 0.061688 0.072150