0 0.079140 0.119048 0.030032 0.046176
0 0.168425 0.162338 0.038149 0.066378
0 0.145698 0.034632 0.036526 0.041847
0 0.363231 0.124820 0.057630 0.063492
0 0.468344 0.179654 0.043831 0.054834
0 0.588474 0.109668 0.051948 0.064935
0 0.732549 0.131313 0.047890 0.070707
0 0.802760 0.274892 0.048701 0.066378
0 0.584416 0.230159 0.055195 0.083694
0 0.327516 0.248196 0.052760 0.059163
0 0.432630 0.476912 0.051948 0.075036
0 0.544237 0.495671 0.070617 0.077922
0 0.691153 0.510823 0.059253 0.073593
0 0.743912 0.574315 0.052760 0.067821
0 0.222808 0.310245 0.043019 0.070707
0 0.099026 0.236652 0.034091 0.059163
0 0.037744 0.252525 0.031656 0.047619
0 0.140422 0.375180 0.034091 0.056277
0 0.064529 0.548341 0.043019 0.073593
0 0.135146 0.585859 0.046266 0.082251
0 0.242695 0.545455 0.047078 0.076479
0 0.340503 0.500000 0.047890 0.072150
0 0.442370 0.819625 0.058442 0.073593
0 0.314123 0.910534 0.053571 0.099567
0 0.562500 0.886003 0.064935 0.105339