1 0.168019 0.242424 0.038961 0.066378
0 0.067776 0.132035 0.033279 0.059163
0 0.088880 0.078644 0.021916 0.056277
0 0.189123 0.067821 0.035714 0.049062
0 0.245942 0.259019 0.045455 0.062049
0 0.475649 0.348485 0.058442 0.067821
0 0.517451 0.230159 0.044643 0.062049
0 0.304789 0.515152 0.052760 0.075036
0 0.216721 0.523088 0.050325 0.079365
0 0.422890 0.725830 0.061688 0.086580
0 0.538149 0.424242 0.066558 0.083694
0 0.639610 0.465368 0.055195 0.067821
0 0.518669 0.756133 0.056818 0.080808
0 0.609172 0.843434 0.067370 0.085137
0 0.746347 0.858586 0.062500 0.095238
0 0.318588 0.963925 0.059253 0.072150