0 0.014205 0.131313 0.028409 0.041847
0 0.094562 0.137807 0.031656 0.046176
0 0.146104 0.061328 0.037338 0.046176
0 0.260146 0.036797 0.033279 0.043290
0 0.368506 0.125541 0.045455 0.070707
0 0.488231 0.222944 0.051136 0.060606
0 0.584416 0.227994 0.051948 0.082251
0 0.606737 0.160895 0.051136 0.069264
0 0.723620 0.130592 0.047890 0.069264
0 0.803571 0.344877 0.047078 0.082251
0 0.696023 0.604618 0.059253 0.082251
0 0.754058 0.671717 0.055195 0.072150
0 0.549107 0.510101 0.070617 0.089466
0 0.336851 0.312410 0.053571 0.066378
0 0.193182 0.175325 0.029221 0.060606
0 0.116883 0.264791 0.037338 0.066378
0 0.042208 0.291486 0.035714 0.056277
0 0.155844 0.431457 0.038961 0.070707
0 0.247159 0.362193 0.046266 0.067821
0 0.267451 0.619048 0.056006 0.085137
0 0.366477 0.572872 0.052760 0.073593
0 0.456981 0.554834 0.058442 0.083694
0 0.079140 0.615440 0.044643 0.063492
0 0.159497 0.679654 0.047890 0.090909
0 0.467532 0.926407 0.063312 0.085137
0 0.611201 0.943723 0.056818 0.105339