0 0.146104 0.108947 0.042208 0.069264
0 0.041802 0.190476 0.034903 0.062049
0 0.022727 0.281385 0.034091 0.070707
0 0.123782 0.435786 0.041396 0.070707
0 0.052354 0.566378 0.047890 0.080808
0 0.212256 0.738095 0.057630 0.086580
0 0.231737 0.277056 0.052760 0.085137
0 0.267045 0.218615 0.043831 0.072150
0 0.270698 0.093074 0.041396 0.077922
0 0.403815 0.191919 0.060877 0.070707
0 0.539367 0.259740 0.057630 0.076479
0 0.538149 0.533189 0.068182 0.092352
0 0.354708 0.460317 0.056818 0.085137
0 0.500000 0.846320 0.071429 0.109668
0 0.384740 0.929293 0.068182 0.116883
0 0.148133 0.933622 0.052760 0.099567