0 0.018669 0.192641 0.032468 0.063492
0 0.082792 0.191198 0.037338 0.049062
0 0.147321 0.106061 0.039773 0.063492
0 0.232143 0.276335 0.050325 0.083694
0 0.132305 0.354257 0.034091 0.063492
0 0.170049 0.622655 0.047890 0.098124
0 0.094156 0.767677 0.035714 0.085137
0 0.393669 0.924964 0.063312 0.096681
0 0.428571 0.756133 0.063312 0.088023
0 0.420455 0.435065 0.056818 0.060606
0 0.555195 0.590909 0.063312 0.077922
0 0.635552 0.616162 0.048701 0.076479
0 0.608766 0.266234 0.053571 0.063492
0 0.467532 0.169553 0.048701 0.063492