0 0.047484 0.151515 0.039773 0.053391
0 0.143669 0.105339 0.040584 0.067821
0 0.081575 0.207071 0.034903 0.054834
0 0.045455 0.349206 0.034091 0.070707
0 0.142857 0.330447 0.040584 0.064935
0 0.246347 0.211400 0.051136 0.066378
0 0.377841 0.331890 0.049513 0.062049
0 0.465909 0.306638 0.058442 0.057720
0 0.467127 0.100289 0.047890 0.066378
0 0.551542 0.064214 0.049513 0.057720
0 0.606331 0.032107 0.045455 0.064214
0 0.562906 0.391053 0.056006 0.064935
0 0.653815 0.417749 0.059253 0.069264
0 0.632711 0.614719 0.062500 0.102453
0 0.244724 0.497114 0.057630 0.063492
0 0.066558 0.571429 0.037338 0.079365
0 0.380682 0.919913 0.060065 0.115440