0 0.041802 0.358586 0.033279 0.072150
0 0.032468 0.458153 0.040584 0.051948
0 0.057224 0.707792 0.036526 0.083694
0 0.156656 0.742424 0.050325 0.086580
0 0.256494 0.686869 0.058442 0.082251
0 0.155844 0.407648 0.048701 0.063492
0 0.276786 0.395382 0.053571 0.076479
0 0.396104 0.471861 0.056818 0.070707
0 0.267045 0.104618 0.042208 0.057720
0 0.135146 0.115440 0.033279 0.070707
0 0.050731 0.149351 0.034903 0.051948
0 0.363231 0.121212 0.039773 0.056277
0 0.468344 0.345599 0.053571 0.075036
0 0.522321 0.294372 0.054383 0.073593
0 0.543831 0.059885 0.043831 0.051948
0 0.627841 0.253247 0.056006 0.063492
0 0.688718 0.225108 0.049513 0.056277
0 0.075487 0.215007 0.034091 0.056277