0 0.134740 0.097403 0.038961 0.051948
0 0.179789 0.052670 0.034903 0.049062
0 0.247159 0.094517 0.039773 0.051948
0 0.323052 0.127706 0.045455 0.060606
0 0.497971 0.145022 0.047890 0.049062
0 0.574675 0.257576 0.051948 0.054834
0 0.452110 0.352814 0.058442 0.072150
0 0.534903 0.417027 0.056818 0.070707
0 0.657468 0.587302 0.053571 0.064935
0 0.301948 0.294372 0.050325 0.053391
0 0.222403 0.220058 0.045455 0.057720
0 0.172890 0.233045 0.045455 0.057720
0 0.258929 0.449495 0.050325 0.069264
0 0.332792 0.544012 0.050325 0.082251
0 0.218344 0.613276 0.048701 0.088023
0 0.092127 0.453102 0.044643 0.070707
0 0.079140 0.707071 0.049513 0.079365
0 0.335633 0.830447 0.056006 0.077922
0 0.478896 0.746032 0.060065 0.076479
0 0.552354 0.730159 0.054383 0.082251
0 0.693182 0.927850 0.058442 0.105339