0 0.054383 0.064214 0.029221 0.031746
0 0.011769 0.049062 0.023538 0.024531
0 0.109172 0.012626 0.033279 0.025252
0 0.147727 0.098124 0.040584 0.056277
0 0.226055 0.049062 0.039773 0.044733
0 0.295860 0.204906 0.043019 0.070707
0 0.398539 0.101010 0.042208 0.062049
0 0.469562 0.034632 0.054383 0.056277
0 0.552760 0.069264 0.045455 0.062049
0 0.666802 0.161616 0.039773 0.056277
0 0.726461 0.263348 0.040584 0.066378
0 0.582792 0.277778 0.058442 0.075036
0 0.485390 0.322511 0.053571 0.069264
0 0.272727 0.365801 0.047078 0.072150
0 0.169643 0.266955 0.037338 0.053391
0 0.091721 0.256854 0.034091 0.059163
0 0.047890 0.354978 0.034091 0.059163
0 0.125000 0.424964 0.043831 0.075036
0 0.256088 0.610390 0.052760 0.088023
0 0.417614 0.629870 0.062500 0.092352
0 0.554789 0.638528 0.059253 0.075036
0 0.673295 0.656566 0.057630 0.070707
0 0.762175 0.734488 0.060065 0.076479
0 0.391640 0.849206 0.060877 0.095238
0 0.225649 0.768398 0.051948 0.083694
0 0.062500 0.744589 0.038961 0.085137