0 0.017045 0.153680 0.034090 0.046176
0 0.105519 0.158009 0.032468 0.046176
0 0.146510 0.084416 0.039773 0.049062
0 0.268263 0.067100 0.033279 0.049062
0 0.368506 0.125541 0.043831 0.064935
0 0.489042 0.253247 0.047890 0.057720
0 0.585633 0.229437 0.054383 0.088023
0 0.624594 0.204185 0.047890 0.072150
0 0.720779 0.133478 0.043831 0.072150
0 0.789367 0.375180 0.049513 0.082251
0 0.698052 0.665945 0.061688 0.089466
0 0.764205 0.752525 0.057630 0.083694
0 0.550731 0.514430 0.065747 0.080808
0 0.352273 0.351371 0.051948 0.066378
0 0.216315 0.197691 0.041396 0.064935
0 0.260146 0.400433 0.047890 0.069264
0 0.130276 0.287879 0.039773 0.066378
0 0.053977 0.311688 0.033279 0.064935
0 0.174107 0.458153 0.039773 0.069264
0 0.020292 0.467532 0.040584 0.067821
0 0.088880 0.672439 0.044643 0.062049
0 0.179789 0.748196 0.049513 0.101010
0 0.278409 0.672439 0.058442 0.088023
0 0.385552 0.621212 0.051948 0.072150
0 0.469156 0.607504 0.058442 0.082251