0 0.054383 0.033189 0.025974 0.027417
0 0.142045 0.069264 0.037338 0.056277
0 0.155844 0.220058 0.037338 0.066378
0 0.074675 0.228716 0.035714 0.060606
0 0.035308 0.316017 0.036526 0.059163
0 0.109984 0.378066 0.036526 0.073593
0 0.223214 0.530303 0.051948 0.080808
0 0.196834 0.682540 0.047890 0.085137
0 0.045455 0.660895 0.037338 0.090909
0 0.153409 0.883838 0.051948 0.095238
0 0.330357 0.949495 0.055195 0.085137
0 0.366071 0.764791 0.055195 0.090909
0 0.398133 0.556277 0.057630 0.092352
0 0.249188 0.300866 0.043831 0.069264
0 0.273945 0.191919 0.043019 0.064935
0 0.400974 0.108947 0.048701 0.069264
0 0.554383 0.062771 0.043831 0.066378
0 0.579545 0.244589 0.056818 0.080808
0 0.485795 0.290043 0.054383 0.073593
0 0.558847 0.565657 0.059253 0.085137
0 0.658279 0.543290 0.058442 0.075036
0 0.753653 0.611833 0.057630 0.070707
0 0.657062 0.096681 0.034903 0.050505
0 0.709416 0.176768 0.038961 0.054834
0 0.652597 0.896825 0.061688 0.101010
0 0.713880 0.946970 0.062500 0.106060
0 0.537338 0.854257 0.053571 0.105339