0 0.079140 0.051948 0.030032 0.047619
0 0.135958 0.142857 0.038149 0.053391
0 0.209821 0.066378 0.036526 0.050505
0 0.266640 0.038240 0.031656 0.049062
0 0.388393 0.077201 0.044643 0.051948
0 0.484984 0.134921 0.051136 0.054834
0 0.577516 0.231602 0.044643 0.066378
0 0.513393 0.326840 0.056006 0.080808
0 0.461445 0.273449 0.047890 0.063492
0 0.333198 0.273449 0.047890 0.057720
0 0.203328 0.256854 0.044643 0.070707
0 0.132711 0.309524 0.043019 0.069264
0 0.084416 0.308802 0.040584 0.053391
0 0.172890 0.603175 0.047078 0.085137
0 0.295049 0.574315 0.049513 0.076479
0 0.413961 0.706349 0.056818 0.077922
0 0.547890 0.785714 0.063312 0.080808
0 0.639205 0.559885 0.062500 0.067821
0 0.637581 0.891775 0.068994 0.116883
0 0.285714 0.844156 0.061688 0.096681
0 0.365260 0.928571 0.063312 0.098124
0 0.130682 0.849928 0.042208 0.067821