0 0.116477 0.034632 0.036526 0.033189
0 0.178166 0.026335 0.039773 0.052670
0 0.264205 0.040404 0.031656 0.053391
0 0.384740 0.027417 0.047078 0.047619
0 0.446023 0.080808 0.047890 0.056277
0 0.584416 0.152237 0.047078 0.051948
0 0.527597 0.318182 0.056818 0.060606
0 0.383117 0.299423 0.051948 0.063492
0 0.289773 0.229437 0.040584 0.062049
0 0.204951 0.181097 0.041396 0.057720
0 0.152192 0.197691 0.046266 0.059163
0 0.271104 0.391775 0.048701 0.069264
0 0.202922 0.432900 0.043831 0.070707
0 0.370942 0.482684 0.056818 0.057720
0 0.515016 0.603175 0.064123 0.067821
0 0.607955 0.698413 0.064935 0.073593
0 0.619724 0.480519 0.056006 0.067821
0 0.741071 0.854978 0.048701 0.075036
0 0.309659 0.751804 0.057630 0.085137
0 0.146104 0.753968 0.050325 0.075036
0 0.419643 0.844877 0.055195 0.083694
0 0.298701 0.953463 0.051948 0.093074