0 0.060065 0.450938 0.035714 0.057720
0 0.096185 0.310967 0.038149 0.060606
0 0.215097 0.266234 0.042208 0.063492
0 0.322240 0.326840 0.045455 0.072150
0 0.407062 0.333333 0.049513 0.067821
0 0.270698 0.062049 0.041396 0.044733
0 0.137987 0.056999 0.037338 0.051948
0 0.090909 0.100289 0.037338 0.043290
0 0.214286 0.515873 0.043831 0.057720
0 0.347808 0.665224 0.057630 0.085137
0 0.491071 0.722944 0.058442 0.090909
0 0.524756 0.679654 0.047890 0.079365
0 0.667208 0.539683 0.058442 0.067821
0 0.518669 0.388167 0.051948 0.082251
0 0.548701 0.262626 0.058442 0.059163
0 0.466315 0.062049 0.049513 0.059163
0 0.423295 0.058442 0.044643 0.057720
0 0.129870 0.580087 0.038961 0.073593
0 0.097808 0.690476 0.044643 0.072150
0 0.064935 0.762626 0.037338 0.069264
0 0.238636 0.808802 0.053571 0.092352
0 0.332792 0.805916 0.058442 0.089466
0 0.676136 0.921356 0.064935 0.115440
0 0.055601 0.108947 0.033279 0.043290