0 0.140828 0.176046 0.036526 0.059163
0 0.232549 0.145743 0.041396 0.050505
0 0.341721 0.160895 0.042208 0.060606
0 0.405438 0.214286 0.044643 0.054834
0 0.478084 0.301587 0.050325 0.070707
0 0.543425 0.232323 0.052760 0.067821
0 0.650974 0.486291 0.051948 0.064935
0 0.436282 0.046176 0.057630 0.059163
0 0.190341 0.421356 0.046266 0.076479
0 0.282062 0.433622 0.046266 0.075036
0 0.391640 0.479798 0.051136 0.075036
0 0.502029 0.641414 0.057630 0.092352
0 0.249594 0.757576 0.049513 0.082251
0 0.481737 0.829726 0.070617 0.093795
0 0.381494 0.720779 0.056818 0.080808
0 0.615666 0.729437 0.057630 0.086580
0 0.765828 0.893939 0.059253 0.086580