0 0.122565 0.201299 0.034091 0.051948
0 0.161526 0.128427 0.035714 0.050505
0 0.034497 0.028139 0.028409 0.040404
0 0.023539 0.199856 0.034091 0.049062
0 0.192370 0.045455 0.040584 0.057720
0 0.286932 0.116162 0.034903 0.051948
0 0.365260 0.125541 0.048701 0.067821
0 0.498782 0.246753 0.056006 0.076479
0 0.559659 0.037518 0.039773 0.056277
0 0.642857 0.074315 0.042208 0.057720
0 0.721185 0.139250 0.044643 0.063492
0 0.587256 0.219336 0.052760 0.076479
0 0.648945 0.306638 0.057630 0.072150
0 0.773133 0.435786 0.049513 0.070707
0 0.556006 0.515873 0.064935 0.101010
0 0.236201 0.248918 0.043831 0.069264
0 0.161932 0.353535 0.041396 0.067821
0 0.071023 0.365801 0.036526 0.063492
0 0.030844 0.553391 0.042208 0.075036
0 0.200487 0.542569 0.042208 0.070707
0 0.286526 0.497114 0.053571 0.066378
0 0.387175 0.428571 0.058442 0.067821
0 0.485795 0.753247 0.052760 0.125541
0 0.700487 0.795815 0.063312 0.077922
0 0.782062 0.886003 0.056006 0.088023
0 0.413149 0.748918 0.055195 0.073593
0 0.300325 0.810967 0.056818 0.090909
0 0.226867 0.888167 0.051136 0.098124
0 0.107549 0.795815 0.046266 0.080808