0 0.363636 0.227273 0.048701 0.060606
0 0.455763 0.230159 0.057630 0.060606
0 0.546266 0.234488 0.050325 0.057720
0 0.601867 0.250361 0.059253 0.057720
0 0.622565 0.512987 0.061688 0.098124
0 0.697646 0.810967 0.062500 0.082251
0 0.557630 0.886724 0.053571 0.083694
0 0.383929 0.916306 0.060065 0.105339
0 0.105519 0.830447 0.038961 0.086580
0 0.141234 0.106782 0.037338 0.067821
0 0.076299 0.213564 0.035714 0.059163
0 0.033279 0.143579 0.037338 0.043290
0 0.011364 0.052670 0.022727 0.043290
0 0.230925 0.151515 0.043019 0.062049
0 0.146916 0.326118 0.035714 0.079365
0 0.240260 0.440837 0.053571 0.075036
0 0.035714 0.505051 0.038961 0.073593
0 0.050731 0.344156 0.034903 0.060606