0 0.020698 0.211400 0.034903 0.051948
0 0.019886 0.049784 0.028409 0.028860
0 0.067776 0.113997 0.030032 0.044733
0 0.101867 0.024531 0.031656 0.038961
0 0.130682 0.212843 0.042208 0.051948
0 0.237419 0.144300 0.046266 0.056277
0 0.320211 0.162338 0.047890 0.060606
0 0.403003 0.081530 0.046266 0.063492
0 0.484984 0.199134 0.054383 0.059163
0 0.551542 0.458874 0.052760 0.085137
0 0.579951 0.291486 0.043019 0.064935
0 0.067370 0.563492 0.042208 0.077922
0 0.151380 0.468254 0.054383 0.077922
0 0.218750 0.325397 0.044643 0.069264
0 0.304383 0.347042 0.051948 0.063492
0 0.424513 0.335498 0.053571 0.057720
0 0.534091 0.641414 0.069805 0.077922
0 0.636364 0.582251 0.058442 0.077922
0 0.708198 0.584416 0.052760 0.070707
0 0.452110 0.795815 0.048701 0.077922
0 0.360795 0.743146 0.060877 0.085137
0 0.211445 0.516595 0.044643 0.076479
0 0.057630 0.742424 0.034091 0.060606
0 0.146510 0.932179 0.051136 0.085137
0 0.191964 0.899711 0.052760 0.077922
0 0.773945 0.942641 0.060877 0.114718