1 0.228490 0.520924 0.054383 0.086580
0 0.132711 0.212121 0.038149 0.060606
0 0.165584 0.132035 0.037338 0.056277
0 0.240260 0.240260 0.035714 0.059163
0 0.301136 0.082251 0.043831 0.060606
0 0.398133 0.246032 0.056006 0.070707
0 0.487419 0.282828 0.052760 0.072150
0 0.538149 0.075758 0.045455 0.064935
0 0.619318 0.532468 0.060065 0.077922
0 0.350244 0.466089 0.049513 0.075036
0 0.506899 0.752525 0.067370 0.076479
0 0.600649 0.870851 0.066558 0.099567
0 0.707386 0.938672 0.067370 0.090909
0 0.381899 0.898990 0.059253 0.089466
0 0.263393 0.828283 0.056006 0.095238