0 0.157468 0.824675 0.051948 0.080808
0 0.119318 0.048341 0.034091 0.040404
0 0.182224 0.049062 0.034903 0.047619
0 0.278815 0.051227 0.033279 0.060606
0 0.382305 0.062771 0.043831 0.054834
0 0.452516 0.116162 0.051136 0.060606
0 0.593750 0.191919 0.047890 0.050505
0 0.540584 0.372294 0.053571 0.067821
0 0.634334 0.546898 0.054383 0.079365
0 0.522321 0.668831 0.064123 0.075036
0 0.402597 0.352092 0.051948 0.070707
0 0.304789 0.258297 0.044643 0.062049
0 0.211445 0.222222 0.041396 0.062049
0 0.159091 0.225108 0.043831 0.056277
0 0.286932 0.443001 0.052760 0.079365
0 0.211851 0.479076 0.045455 0.079365
0 0.385552 0.534632 0.060065 0.072150
0 0.334416 0.822511 0.060065 0.096681
0 0.449269 0.919192 0.056006 0.090909
0 0.627029 0.766955 0.065747 0.069264
0 0.757305 0.927850 0.056818 0.082251