0 0.089286 0.100289 0.035714 0.051948
0 0.174919 0.049784 0.039773 0.051948
0 0.224838 0.119048 0.042208 0.051948
0 0.296672 0.082251 0.038149 0.050505
0 0.407468 0.119769 0.045455 0.053391
0 0.517857 0.057720 0.042208 0.047619
0 0.494318 0.207071 0.051948 0.054834
0 0.611607 0.319625 0.046266 0.069264
0 0.478490 0.356421 0.051136 0.076479
0 0.534497 0.419913 0.054383 0.062049
0 0.674919 0.697691 0.059253 0.083694
0 0.346185 0.370130 0.051136 0.057720
0 0.236201 0.331169 0.050325 0.077922
0 0.143669 0.207792 0.040584 0.056277
0 0.153409 0.396104 0.038961 0.083694
0 0.096997 0.388167 0.038149 0.067821
0 0.213068 0.720779 0.052760 0.089466
0 0.334010 0.683983 0.054383 0.070707
0 0.450081 0.847763 0.056006 0.086580