0 0.146510 0.111111 0.043019 0.076479
0 0.042208 0.038240 0.032468 0.049062
0 0.043831 0.217893 0.034091 0.070707
0 0.037338 0.313131 0.037338 0.064935
0 0.140016 0.494228 0.047890 0.072150
0 0.061688 0.641414 0.047078 0.083694
0 0.230114 0.276335 0.054383 0.080808
0 0.293425 0.268398 0.043019 0.079365
0 0.305195 0.113997 0.037338 0.062049
0 0.426542 0.275613 0.059253 0.079365
0 0.443994 0.059885 0.053571 0.057720
0 0.510552 0.082251 0.042208 0.073593
0 0.559253 0.341991 0.063312 0.070707
0 0.565747 0.630592 0.068182 0.082251
0 0.356331 0.550505 0.063312 0.086580
0 0.251218 0.786436 0.056006 0.085137
0 0.386769 0.927128 0.060877 0.118326
0 0.543019 0.946248 0.066558 0.107504