0 0.021104 0.528139 0.038961 0.056277
0 0.060877 0.397547 0.038961 0.063492
0 0.072646 0.262626 0.033279 0.059163
0 0.059253 0.065657 0.032468 0.051948
0 0.145698 0.109668 0.041396 0.070707
0 0.231331 0.279221 0.048701 0.083694
0 0.335633 0.355700 0.051136 0.072150
0 0.328734 0.170996 0.042208 0.051948
0 0.480925 0.160895 0.057630 0.063492
0 0.544643 0.204906 0.043831 0.064935
0 0.593750 0.500722 0.068994 0.076479
0 0.176948 0.606061 0.053571 0.076479
0 0.411120 0.724387 0.057630 0.085137
0 0.590503 0.839105 0.072240 0.101010
0 0.385958 0.927850 0.062500 0.108225
0 0.463880 0.443001 0.065747 0.085137
0 0.297890 0.957071 0.064935 0.085858
0 0.094156 0.782828 0.053571 0.086580