0 0.144075 0.110390 0.046266 0.069264
0 0.228896 0.275613 0.051948 0.090909
0 0.043425 0.193362 0.033279 0.062049
0 0.027597 0.293651 0.035714 0.060606
0 0.135552 0.458874 0.047078 0.076479
0 0.053977 0.598124 0.044643 0.077922
0 0.235390 0.753247 0.056818 0.079365
0 0.359578 0.502165 0.060065 0.076479
0 0.277192 0.245310 0.041396 0.079365
0 0.286932 0.105339 0.044643 0.073593
0 0.433036 0.029221 0.054383 0.058442
0 0.499188 0.054113 0.042208 0.080808
0 0.549919 0.307359 0.064123 0.073593
0 0.409903 0.234488 0.058442 0.072150
0 0.556412 0.576479 0.065747 0.098124
0 0.526786 0.896825 0.066558 0.115440
0 0.383929 0.925685 0.063312 0.109668