0 0.015422 0.168110 0.030844 0.051948
0 0.076299 0.161616 0.034091 0.041847
0 0.145698 0.103896 0.038149 0.056277
0 0.231737 0.276335 0.049513 0.083694
0 0.126623 0.340548 0.029221 0.059163
0 0.146104 0.581530 0.045455 0.088023
0 0.073458 0.718615 0.038149 0.079365
0 0.244318 0.915584 0.048701 0.083694
0 0.390422 0.932900 0.058442 0.101010
0 0.404221 0.662338 0.058442 0.073593
0 0.581981 0.909091 0.071429 0.093795
0 0.695211 0.945166 0.065747 0.093795
0 0.537744 0.481241 0.060877 0.072150
0 0.607143 0.512266 0.048701 0.082251
0 0.585633 0.200577 0.054383 0.056277
0 0.419237 0.167388 0.041396 0.064935
0 0.413555 0.360029 0.054383 0.051948