1 0.117289 0.077201 0.034903 0.059163
0 0.182224 0.067821 0.036526 0.053391
0 0.163555 0.251804 0.039773 0.060606
0 0.252841 0.248196 0.039773 0.064935
0 0.391640 0.076479 0.046266 0.062049
0 0.452922 0.116883 0.058442 0.070707
0 0.534091 0.078644 0.040584 0.057720
0 0.367289 0.273449 0.049513 0.063492
0 0.436282 0.329004 0.052760 0.067821
0 0.582792 0.370851 0.056818 0.067821
0 0.501623 0.437951 0.058442 0.080808
0 0.692370 0.717893 0.053571 0.089466
0 0.574269 0.836941 0.059253 0.093795
0 0.443588 0.654401 0.056006 0.069264
0 0.334010 0.611111 0.052760 0.086580
0 0.213068 0.561328 0.051136 0.082251
0 0.445617 0.944444 0.060065 0.098124
0 0.304789 0.945887 0.056006 0.077922