1 0.148133 0.178211 0.038149 0.070707
0 0.039773 0.119048 0.034091 0.050505
0 0.075893 0.058442 0.030032 0.050505
0 0.222403 0.179654 0.040584 0.062049
0 0.160308 0.023088 0.025162 0.046176
0 0.441558 0.239538 0.048701 0.069264
0 0.459416 0.165945 0.045455 0.063492
0 0.507305 0.285714 0.060065 0.077922
0 0.599432 0.302309 0.044643 0.064935
0 0.308442 0.378788 0.056818 0.070707
0 0.196023 0.404040 0.047890 0.069264
0 0.406250 0.533911 0.057630 0.072150
0 0.471591 0.570707 0.055195 0.076479
0 0.565341 0.689033 0.059253 0.085137
0 0.681006 0.669553 0.051948 0.072150
0 0.265422 0.810967 0.056818 0.077922