0 0.110390 0.036797 0.030844 0.028860
0 0.185471 0.089466 0.038149 0.053391
0 0.248782 0.161616 0.044643 0.044733
0 0.160714 0.145743 0.034091 0.050505
0 0.225649 0.251082 0.038961 0.059163
0 0.274756 0.338384 0.039773 0.077922
0 0.414367 0.151515 0.051136 0.053391
0 0.494724 0.228716 0.057630 0.054834
0 0.526786 0.095238 0.042208 0.047619
0 0.477273 0.459596 0.051948 0.077922
0 0.603896 0.352814 0.043831 0.060606
0 0.613231 0.616162 0.052760 0.073593
0 0.727273 0.754690 0.056818 0.070707
0 0.628247 0.935426 0.058442 0.129148
0 0.508117 0.812410 0.055195 0.079365
0 0.383523 0.827561 0.067370 0.109668
0 0.299919 0.860029 0.060877 0.116883
0 0.225649 0.800144 0.050325 0.086580
0 0.260552 0.523810 0.050325 0.079365
0 0.383117 0.430014 0.051948 0.064935
0 0.153409 0.366522 0.037338 0.073593
0 0.073052 0.260462 0.040584 0.057720
0 0.030438 0.420635 0.039773 0.057720