0 0.080357 0.064935 0.030844 0.053391
0 0.137581 0.160173 0.038149 0.050505
0 0.215097 0.077201 0.038961 0.057720
0 0.274351 0.055556 0.035714 0.054834
0 0.392857 0.086580 0.042208 0.047619
0 0.489854 0.152237 0.047890 0.060606
0 0.581575 0.253247 0.047890 0.057720
0 0.466315 0.290765 0.049513 0.069264
0 0.513799 0.357143 0.053571 0.072150
0 0.649756 0.590188 0.062500 0.070707
0 0.336851 0.292929 0.050325 0.059163
0 0.207792 0.282107 0.047078 0.072150
0 0.136364 0.331169 0.040584 0.069264
0 0.086445 0.329004 0.036526 0.053391
0 0.178571 0.628427 0.043831 0.092352
0 0.305195 0.603175 0.055195 0.076479
0 0.421672 0.746032 0.057630 0.079365
0 0.557224 0.836941 0.064123 0.093795
0 0.647321 0.944805 0.065747 0.110390
0 0.297484 0.868687 0.064123 0.108225
0 0.137175 0.893218 0.040584 0.076479