0 0.129870 0.093795 0.037338 0.047619
0 0.176542 0.038240 0.034903 0.051948
0 0.244318 0.082251 0.038961 0.050505
0 0.316558 0.113997 0.040584 0.059163
0 0.441964 0.326840 0.056006 0.066378
0 0.493912 0.127706 0.047890 0.049062
0 0.563312 0.244589 0.040584 0.057720
0 0.531250 0.396825 0.051136 0.070707
0 0.648133 0.558442 0.054383 0.062049
0 0.173295 0.216450 0.046266 0.062049
0 0.218344 0.202742 0.043831 0.060606
0 0.295049 0.276335 0.047890 0.051948
0 0.327922 0.520202 0.051948 0.086580
0 0.256494 0.427128 0.048701 0.067821
0 0.090909 0.429293 0.043831 0.069264
0 0.208198 0.583694 0.044643 0.089466
0 0.077110 0.670996 0.050325 0.076479
0 0.325081 0.792929 0.057630 0.083694
0 0.471997 0.716450 0.057630 0.080808
0 0.541396 0.699134 0.058442 0.083694
0 0.686282 0.896825 0.065747 0.106782