0 0.019886 0.256133 0.033279 0.057720
0 0.056412 0.158009 0.034903 0.046176
0 0.226055 0.068543 0.038149 0.043290
0 0.200081 0.162338 0.039773 0.051948
0 0.251218 0.215007 0.039773 0.067821
0 0.351867 0.220058 0.049513 0.054834
0 0.396510 0.039683 0.046266 0.054834
0 0.463068 0.106782 0.047890 0.050505
0 0.561282 0.220058 0.041396 0.051948
0 0.428977 0.289322 0.051136 0.063492
0 0.545049 0.409091 0.052760 0.063492
0 0.669237 0.526696 0.047890 0.079365
0 0.551136 0.645022 0.056818 0.093795
0 0.640016 0.729437 0.057630 0.092352
0 0.750406 0.945887 0.059253 0.077922
0 0.199269 0.372294 0.043019 0.064935
0 0.113231 0.234488 0.033279 0.066378
0 0.168425 0.606782 0.043019 0.077922
0 0.219562 0.625541 0.054383 0.089466
0 0.322240 0.547619 0.060065 0.089466
0 0.427760 0.580808 0.053571 0.072150