0 0.008929 0.085137 0.017857 0.030303
0 0.047078 0.023449 0.029221 0.046898
0 0.089286 0.126984 0.035714 0.044733
0 0.061282 0.181097 0.033279 0.051948
0 0.028815 0.222222 0.033279 0.036075
0 0.101055 0.250361 0.038149 0.060606
0 0.146510 0.238095 0.039773 0.067821
0 0.181412 0.164502 0.041396 0.059163
0 0.298701 0.130592 0.037338 0.049062
0 0.319805 0.216450 0.048701 0.067821
0 0.418831 0.212843 0.045455 0.051948
0 0.292614 0.364358 0.052760 0.060606
0 0.428571 0.368687 0.060065 0.075036
0 0.482143 0.168831 0.050325 0.047619
0 0.586039 0.288600 0.048701 0.064935
0 0.538149 0.556277 0.063312 0.060606
0 0.321834 0.663059 0.052760 0.083694
0 0.193588 0.466089 0.047890 0.064935
0 0.053571 0.437951 0.037338 0.057720
0 0.166802 0.647186 0.044643 0.069264
0 0.085633 0.749639 0.046266 0.077922
0 0.263799 0.796537 0.055195 0.093795
0 0.344156 0.888889 0.060065 0.111111
0 0.490666 0.874459 0.060877 0.085137
0 0.636364 0.803752 0.056818 0.088023
0 0.698458 0.751082 0.052760 0.066378
0 0.564123 0.946609 0.061688 0.088023
0 0.199675 0.927850 0.051948 0.093795