0 0.106737 0.033911 0.036526 0.051948
0 0.173295 0.067821 0.038149 0.056277
0 0.228896 0.111833 0.038961 0.043290
0 0.387581 0.027778 0.046266 0.055556
0 0.458604 0.131313 0.042208 0.059163
0 0.579545 0.099567 0.040584 0.062049
0 0.536526 0.219336 0.050325 0.062049
0 0.669643 0.329726 0.053571 0.075036
0 0.650162 0.477633 0.047078 0.082251
0 0.759740 0.784271 0.047078 0.086580
0 0.793831 0.949134 0.063312 0.101732
0 0.634740 0.846320 0.076299 0.092352
0 0.545860 0.882395 0.068994 0.098124
0 0.545049 0.394661 0.062500 0.080808
0 0.431818 0.281385 0.058442 0.064935
0 0.374188 0.279221 0.056818 0.069264
0 0.217938 0.377345 0.047890 0.069264
0 0.140828 0.235209 0.041396 0.059163
0 0.032468 0.254690 0.037338 0.043290
0 0.053977 0.476190 0.043019 0.073593
0 0.214286 0.634199 0.045455 0.080808
0 0.323458 0.794372 0.054383 0.115440
0 0.330357 0.511544 0.051948 0.077922
0 0.442776 0.553391 0.057630 0.080808
0 0.267857 0.944084 0.055195 0.111832
0 0.144075 0.757576 0.041396 0.085137
0 0.109984 0.852092 0.046266 0.098124