1 0.098620 0.020924 0.030032 0.041847
0 0.173295 0.024892 0.030032 0.049784
0 0.145292 0.186147 0.034091 0.064935
0 0.234172 0.163781 0.041396 0.057720
0 0.345779 0.178932 0.042208 0.064935
0 0.411526 0.227994 0.043831 0.056277
0 0.482955 0.321068 0.050325 0.075036
0 0.545049 0.256133 0.054383 0.063492
0 0.436688 0.059163 0.050325 0.059163
0 0.659091 0.520202 0.050325 0.072150
0 0.627841 0.774892 0.059253 0.088023
0 0.778815 0.928571 0.062500 0.092352
0 0.510958 0.672439 0.059253 0.093795
0 0.397727 0.510101 0.056818 0.077922
0 0.286932 0.461760 0.047890 0.076479
0 0.190341 0.445166 0.049513 0.072150
0 0.254870 0.789322 0.058442 0.076479
0 0.391640 0.751082 0.056006 0.080808
0 0.493912 0.859307 0.065747 0.098124