0 0.136364 0.097403 0.040584 0.046176
0 0.183442 0.062771 0.037338 0.051948
0 0.250812 0.096681 0.037338 0.050505
0 0.324675 0.142136 0.043831 0.060606
0 0.502029 0.159452 0.047890 0.049062
0 0.580357 0.280664 0.051948 0.060606
0 0.540179 0.441558 0.057630 0.079365
0 0.173701 0.249639 0.043831 0.062049
0 0.230114 0.233766 0.043019 0.064935
0 0.309659 0.313853 0.052760 0.051948
0 0.459010 0.375902 0.059253 0.069264
0 0.663149 0.618326 0.050325 0.069264
0 0.485795 0.783550 0.062500 0.079365
0 0.559659 0.764069 0.054383 0.086580
0 0.344968 0.571429 0.050325 0.085137
0 0.260552 0.479076 0.051948 0.073593
0 0.102273 0.481241 0.042208 0.063492
0 0.227273 0.650072 0.048701 0.092352
0 0.081981 0.739538 0.045455 0.077922
0 0.345779 0.872294 0.056818 0.077922