0 0.018669 0.202742 0.035714 0.046176
0 0.068588 0.103175 0.033279 0.049062
0 0.020698 0.042569 0.028409 0.037518
0 0.102679 0.019120 0.030032 0.038240
0 0.237419 0.134921 0.044643 0.051948
0 0.322240 0.159452 0.051948 0.054834
0 0.421672 0.313131 0.057630 0.064935
0 0.395698 0.067821 0.046266 0.056277
0 0.482143 0.177489 0.051948 0.053391
0 0.573864 0.270563 0.045455 0.060606
0 0.545455 0.437229 0.051948 0.076479
0 0.522321 0.613276 0.067370 0.079365
0 0.629058 0.547619 0.053571 0.077922
0 0.702922 0.530303 0.048701 0.072150
0 0.773945 0.903319 0.062500 0.113997
0 0.665179 0.943001 0.073864 0.083694
0 0.450893 0.746753 0.054383 0.077922
0 0.349432 0.726551 0.062500 0.089466
0 0.204140 0.493506 0.044643 0.076479
0 0.140016 0.443001 0.046266 0.062049
0 0.214692 0.309524 0.047890 0.075036
0 0.296266 0.325397 0.056818 0.063492
0 0.128653 0.198413 0.039773 0.049062
0 0.084416 0.360029 0.035714 0.037518
0 0.060065 0.533189 0.037338 0.072150
0 0.047890 0.722944 0.038961 0.056277
0 0.128653 0.908369 0.043019 0.103896
0 0.175325 0.882395 0.050325 0.077922