0 0.074675 0.149351 0.035714 0.049062
0 0.149351 0.101732 0.040584 0.054834
0 0.232143 0.272727 0.048701 0.079365
0 0.121347 0.323232 0.030032 0.059163
0 0.133523 0.548341 0.039773 0.085137
0 0.061688 0.698413 0.037338 0.079365
0 0.229708 0.866522 0.053571 0.077922
0 0.390422 0.935786 0.060065 0.101010
0 0.391234 0.605339 0.055195 0.069264
0 0.407873 0.317460 0.051136 0.050505
0 0.400974 0.163781 0.042208 0.066378
0 0.579545 0.168110 0.050325 0.054834
0 0.515828 0.424964 0.059253 0.075036
0 0.599838 0.443723 0.045455 0.075036
0 0.561282 0.832612 0.072240 0.102453
0 0.678977 0.867244 0.068994 0.073593