0 0.146104 0.151515 0.040584 0.047619
0 0.200081 0.124820 0.038149 0.054834
0 0.271916 0.164502 0.042208 0.053391
0 0.367695 0.230880 0.048701 0.062049
0 0.518263 0.248918 0.052760 0.060606
0 0.554383 0.090188 0.043831 0.051948
0 0.601461 0.408369 0.051948 0.059163
0 0.487419 0.516595 0.064123 0.079365
0 0.580763 0.593074 0.059253 0.082251
0 0.709010 0.772006 0.052760 0.076479
0 0.398133 0.735931 0.056006 0.085137
0 0.340909 0.409091 0.055195 0.060606
0 0.254464 0.321068 0.044643 0.063492
0 0.192370 0.362193 0.038961 0.067821
0 0.301136 0.634921 0.056818 0.079365
0 0.124594 0.643579 0.052760 0.082251
0 0.254058 0.832612 0.051948 0.090909
0 0.134740 0.949856 0.043831 0.100288
0 0.607143 0.955628 0.056818 0.088744