0 0.013799 0.102453 0.027597 0.038961
0 0.071429 0.089466 0.030844 0.030303
0 0.113231 0.057720 0.038149 0.030303
0 0.352679 0.046176 0.044643 0.044733
0 0.405844 0.101732 0.037338 0.057720
0 0.473214 0.106782 0.055195 0.059163
0 0.608766 0.041126 0.048701 0.054834
0 0.575487 0.148629 0.043831 0.067821
0 0.682630 0.303030 0.038961 0.064935
0 0.750812 0.430736 0.048701 0.077922
0 0.590909 0.399711 0.064935 0.079365
0 0.483766 0.425685 0.056818 0.082251
0 0.330357 0.282828 0.047078 0.073593
0 0.237013 0.158009 0.042208 0.057720
0 0.169237 0.168831 0.043019 0.062049
0 0.120536 0.329726 0.036526 0.063492
0 0.200081 0.385281 0.044643 0.070707
0 0.322646 0.485570 0.046266 0.077922
0 0.469562 0.797258 0.062500 0.098124
0 0.584010 0.805195 0.056006 0.079365
0 0.696429 0.876623 0.060065 0.092352
0 0.790179 0.933622 0.059253 0.082251
0 0.310471 0.774170 0.062500 0.092352
0 0.162744 0.526696 0.049513 0.093795
0 0.073864 0.442280 0.038961 0.069264
0 0.036932 0.592352 0.038149 0.072150
0 0.098620 0.872294 0.044643 0.098124
0 0.254464 0.935065 0.057630 0.090909