0 0.045049 0.152237 0.036526 0.057720
0 0.141234 0.111111 0.037338 0.062049
0 0.074269 0.217172 0.034903 0.060606
0 0.157062 0.361472 0.039773 0.066378
0 0.038555 0.355700 0.028409 0.066378
0 0.014205 0.426407 0.028409 0.060606
0 0.262581 0.331169 0.054383 0.066378
0 0.262581 0.071429 0.044643 0.051948
0 0.365666 0.064214 0.041396 0.046176
0 0.501623 0.235209 0.053571 0.073593
0 0.608360 0.189033 0.054383 0.062049
0 0.661932 0.171717 0.052760 0.070707
0 0.469562 0.338384 0.052760 0.069264
0 0.571834 0.575758 0.065747 0.076479
0 0.698052 0.669553 0.064935 0.082251
0 0.632711 0.770563 0.059253 0.076479
0 0.394886 0.452381 0.052760 0.072150
0 0.237013 0.634921 0.055195 0.076479
0 0.129870 0.675325 0.043831 0.085137
0 0.035308 0.652237 0.036526 0.082251
0 0.394075 0.928571 0.052760 0.083694