0 0.090097 0.091631 0.035714 0.043290
0 0.054789 0.093074 0.030032 0.034632
0 0.140016 0.041126 0.036526 0.051948
0 0.270292 0.048341 0.038961 0.046176
0 0.422484 0.050505 0.044643 0.062049
0 0.464692 0.044733 0.049513 0.059163
0 0.547078 0.246032 0.058442 0.057720
0 0.510958 0.360750 0.056006 0.076479
0 0.661120 0.497835 0.062500 0.064935
0 0.398945 0.303030 0.049513 0.067821
0 0.318588 0.305916 0.043019 0.070707
0 0.215097 0.243146 0.042208 0.060606
0 0.089286 0.291486 0.035714 0.064935
0 0.055601 0.426407 0.033279 0.046176
0 0.127029 0.556999 0.039773 0.073593
0 0.209416 0.484848 0.043831 0.062049
0 0.332386 0.630592 0.054383 0.085137
0 0.317776 0.769841 0.052760 0.086580
0 0.228084 0.784993 0.050325 0.090909
0 0.086851 0.652237 0.042208 0.053391
0 0.056818 0.740981 0.037338 0.063492
0 0.479302 0.691198 0.057630 0.090909
0 0.515422 0.632035 0.045455 0.079365
0 0.667208 0.875180 0.060065 0.101010