0 0.084010 0.076479 0.033279 0.041847
0 0.140016 0.176768 0.038149 0.046176
0 0.221185 0.090909 0.039773 0.050505
0 0.168019 0.027417 0.035714 0.044733
0 0.279221 0.069986 0.034091 0.057720
0 0.396104 0.103175 0.042208 0.054834
0 0.491883 0.171717 0.050325 0.059163
0 0.505682 0.028860 0.038961 0.053391
0 0.590097 0.274170 0.047078 0.062049
0 0.513799 0.370130 0.050325 0.060606
0 0.659497 0.629149 0.057630 0.079365
0 0.430195 0.781385 0.061688 0.083694
0 0.560471 0.886724 0.059253 0.086580
0 0.335633 0.318182 0.049513 0.060606
0 0.215503 0.302309 0.044643 0.075036
0 0.141234 0.351371 0.042208 0.072150
0 0.089692 0.345599 0.039773 0.060606
0 0.189529 0.650072 0.046266 0.086580
0 0.305601 0.901154 0.062500 0.106782
0 0.143263 0.922799 0.043019 0.069264
0 0.470373 0.312410 0.046266 0.072150
0 0.317370 0.632035 0.056818 0.076479