0 0.043425 0.047619 0.028409 0.038961
0 0.085633 0.035354 0.031656 0.046176
0 0.186282 0.190476 0.038149 0.056277
0 0.304789 0.236652 0.041396 0.064935
0 0.376218 0.211400 0.047890 0.060606
0 0.483360 0.246753 0.051136 0.064935
0 0.532062 0.169553 0.046266 0.057720
0 0.636364 0.335498 0.053571 0.066378
0 0.445211 0.540404 0.051136 0.083694
0 0.473620 0.488456 0.047890 0.069264
0 0.285308 0.503608 0.054383 0.070707
0 0.178166 0.382395 0.041396 0.047619
0 0.076299 0.233766 0.032468 0.059163
0 0.040990 0.347763 0.034903 0.050505
0 0.105114 0.474747 0.039773 0.062049
0 0.197240 0.672439 0.045455 0.085137
0 0.260552 0.652958 0.048701 0.083694
0 0.059659 0.553391 0.039773 0.060606
0 0.026380 0.665945 0.039773 0.057720
0 0.161526 0.849206 0.045455 0.083694
0 0.143669 0.911977 0.040584 0.079365
0 0.428977 0.850649 0.070617 0.095238
0 0.588474 0.801587 0.069805 0.080808
0 0.625000 0.693362 0.060065 0.075036
0 0.747565 0.932179 0.058442 0.088023