1 0.202110 0.372294 0.045455 0.069264
0 0.102679 0.165224 0.031656 0.064935
0 0.132711 0.094517 0.031656 0.053391
0 0.219156 0.153680 0.035714 0.062049
0 0.285714 0.033189 0.038961 0.054834
0 0.394481 0.132035 0.051948 0.059163
0 0.457386 0.145743 0.049513 0.066378
0 0.586445 0.388889 0.059253 0.062049
0 0.297484 0.368687 0.051136 0.073593
0 0.497159 0.573593 0.064123 0.076479
0 0.574675 0.669553 0.073052 0.095238
0 0.672890 0.730880 0.061688 0.073593
0 0.346185 0.726551 0.060877 0.088023
0 0.234984 0.707792 0.047890 0.085137