0 0.125000 0.435786 0.043831 0.073593
0 0.070211 0.197691 0.033279 0.047619
0 0.108360 0.185426 0.033279 0.057720
0 0.163555 0.138528 0.041396 0.062049
0 0.114042 0.039683 0.030032 0.040404
0 0.304789 0.147908 0.039773 0.060606
0 0.437906 0.139971 0.044643 0.059163
0 0.491477 0.170274 0.049513 0.070707
0 0.532873 0.098124 0.046266 0.044733
0 0.580763 0.373016 0.056006 0.069264
0 0.475244 0.489899 0.052760 0.069264
0 0.564123 0.591631 0.064935 0.085137
0 0.686282 0.813131 0.062500 0.080808
0 0.365260 0.474026 0.050325 0.080808
0 0.243912 0.396825 0.046266 0.073593
0 0.092938 0.600289 0.046266 0.059163
0 0.188312 0.706349 0.043831 0.083694
0 0.274351 0.690476 0.055195 0.075036
0 0.178166 0.849928 0.046266 0.093795
0 0.128653 0.911255 0.046266 0.066378
0 0.433847 0.881674 0.054383 0.093795
0 0.592532 0.945166 0.060065 0.093795