0 0.231737 0.272727 0.049513 0.076479
0 0.144075 0.103175 0.039773 0.060606
0 0.080357 0.170996 0.034091 0.046176
0 0.015422 0.173160 0.030844 0.059163
0 0.128653 0.350649 0.033279 0.056277
0 0.151380 0.598124 0.046266 0.092352
0 0.079545 0.733766 0.037338 0.089466
0 0.252841 0.936508 0.049513 0.090909
0 0.391234 0.928571 0.056818 0.101010
0 0.409091 0.693362 0.056818 0.080808
0 0.601867 0.937229 0.070617 0.101010
0 0.547484 0.515873 0.060877 0.072150
0 0.613636 0.546898 0.048701 0.073593
0 0.590503 0.222222 0.052760 0.056277
0 0.432224 0.163781 0.044643 0.069264
0 0.413555 0.386724 0.056006 0.067821