0 0.137987 0.212121 0.043831 0.062049
0 0.061282 0.190476 0.034903 0.062049
0 0.016640 0.085859 0.031656 0.046176
0 0.103084 0.027417 0.032468 0.041847
0 0.193588 0.047619 0.034903 0.050505
0 0.249188 0.061328 0.038961 0.060606
0 0.352679 0.137085 0.046266 0.067821
0 0.491477 0.248196 0.059253 0.088023
0 0.577922 0.073593 0.042208 0.053391
0 0.640422 0.098124 0.043831 0.050505
0 0.709821 0.168831 0.047890 0.053391
0 0.678977 0.398268 0.056006 0.073593
0 0.749594 0.485570 0.056006 0.075036
0 0.553977 0.520924 0.064123 0.088023
0 0.641234 0.810245 0.068182 0.098124
0 0.720373 0.891053 0.062500 0.083694
0 0.497159 0.877345 0.070617 0.102453
0 0.392857 0.425685 0.042208 0.067821
0 0.262175 0.261183 0.047078 0.070707
0 0.237419 0.342713 0.043019 0.057720
0 0.080763 0.381674 0.038149 0.072150
0 0.203328 0.484127 0.041396 0.066378
0 0.295455 0.615440 0.055195 0.089466
0 0.359984 0.565657 0.057630 0.088023
0 0.173701 0.647908 0.040584 0.076479
0 0.141640 0.854978 0.049513 0.086580
0 0.385958 0.932179 0.065747 0.090909
0 0.584821 0.230159 0.056006 0.083694