0 0.046672 0.067821 0.031656 0.038961
0 0.023539 0.193362 0.032468 0.044733
0 0.085633 0.173882 0.030032 0.037518
0 0.124594 0.162338 0.039773 0.054834
0 0.159497 0.027056 0.038149 0.054112
0 0.220373 0.040404 0.043019 0.044733
0 0.368912 0.171717 0.049513 0.050505
0 0.410714 0.194084 0.055195 0.060606
0 0.452110 0.041126 0.042208 0.049062
0 0.512175 0.113997 0.048701 0.059163
0 0.647321 0.209957 0.052760 0.075036
0 0.615260 0.327561 0.047078 0.082251
0 0.505276 0.258297 0.060877 0.064935
0 0.614854 0.658009 0.072240 0.088023
0 0.724026 0.590188 0.045455 0.079365
0 0.784091 0.782107 0.047078 0.090909
0 0.519481 0.676046 0.066558 0.069264
0 0.398539 0.448052 0.050325 0.077922
0 0.285308 0.356421 0.051136 0.076479
0 0.193994 0.296537 0.043831 0.069264
0 0.178166 0.484127 0.041396 0.075036
0 0.272321 0.606782 0.051136 0.086580
0 0.420455 0.769841 0.055195 0.080808
0 0.227679 0.772006 0.052760 0.099567
0 0.124188 0.606782 0.042208 0.077922
0 0.030844 0.393218 0.040584 0.075036
0 0.077516 0.769841 0.044643 0.077922