0 0.030844 0.487013 0.040584 0.051948
0 0.028409 0.251804 0.037338 0.051948
0 0.066558 0.148629 0.034091 0.047619
0 0.029627 0.066378 0.030032 0.038961
0 0.013799 0.081530 0.017857 0.020202
0 0.105114 0.072150 0.033279 0.050505
0 0.147321 0.036797 0.034903 0.043290
0 0.318182 0.164502 0.050325 0.059163
0 0.247565 0.186147 0.042208 0.056277
0 0.143263 0.251804 0.041396 0.051948
0 0.088880 0.414863 0.036526 0.069264
0 0.176136 0.529582 0.045455 0.073593
0 0.230925 0.392496 0.046266 0.082251
0 0.336851 0.424964 0.053571 0.069264
0 0.438718 0.446609 0.056006 0.063492
0 0.422484 0.125541 0.049513 0.062049
0 0.508929 0.054113 0.042208 0.057720
0 0.497971 0.245310 0.059253 0.053391
0 0.602679 0.361472 0.047890 0.057720
0 0.578734 0.536797 0.064935 0.079365
0 0.676136 0.689755 0.064935 0.082251
0 0.717127 0.724387 0.046266 0.088023
0 0.397321 0.851371 0.062500 0.099567
0 0.486201 0.926407 0.053571 0.105339
0 0.234172 0.590909 0.046266 0.080808
0 0.084010 0.634199 0.038149 0.072150
0 0.081981 0.808802 0.037338 0.080808