0 0.047078 0.239538 0.035714 0.070707
0 0.047890 0.041847 0.030844 0.047619
0 0.147727 0.111111 0.043831 0.076479
0 0.230925 0.277778 0.052760 0.101010
0 0.307630 0.290043 0.048701 0.079365
0 0.314529 0.116883 0.043019 0.050505
0 0.441153 0.318182 0.065747 0.092352
0 0.568588 0.374459 0.070617 0.072150
0 0.564123 0.690476 0.068182 0.089466
0 0.363636 0.601732 0.055195 0.093795
0 0.254058 0.824675 0.060065 0.092352
0 0.384740 0.928571 0.066558 0.115440
0 0.146510 0.521645 0.051136 0.072150
0 0.038961 0.338384 0.040584 0.060606
0 0.061282 0.678211 0.052760 0.090909
0 0.445211 0.090909 0.052760 0.059163
0 0.521916 0.113997 0.042208 0.079365