0 0.155032 0.116883 0.035714 0.036075
0 0.183036 0.069264 0.038149 0.050505
0 0.239448 0.128427 0.042208 0.044733
0 0.407062 0.114719 0.049513 0.057720
0 0.519481 0.059885 0.047078 0.043290
0 0.485390 0.194084 0.050325 0.051948
0 0.591315 0.311688 0.049513 0.056277
0 0.462662 0.413420 0.053571 0.072150
0 0.368912 0.363636 0.052760 0.064935
0 0.266640 0.298701 0.039773 0.064935
0 0.215909 0.229437 0.043831 0.064935
0 0.137987 0.323954 0.038961 0.072150
0 0.066558 0.236652 0.038961 0.053391
0 0.034091 0.371573 0.037338 0.060606
0 0.237825 0.479076 0.047078 0.073593
0 0.597403 0.547619 0.055195 0.080808
0 0.708198 0.681097 0.054383 0.070707
0 0.604708 0.848485 0.058442 0.108225
0 0.676136 0.943723 0.063312 0.088023
0 0.479708 0.742424 0.056818 0.083694
0 0.366477 0.720779 0.067370 0.075036
0 0.275162 0.789322 0.051948 0.096681
0 0.209416 0.734488 0.048701 0.085137