0 0.027192 0.287157 0.033279 0.053391
0 0.067776 0.209235 0.034903 0.059163
0 0.047484 0.020202 0.023539 0.024531
0 0.139610 0.046176 0.037338 0.044733
0 0.144481 0.187590 0.037338 0.059163
0 0.234578 0.264791 0.043831 0.066378
0 0.271104 0.164502 0.043831 0.059163
0 0.395698 0.115440 0.044643 0.076479
0 0.484984 0.277778 0.049513 0.069264
0 0.578734 0.233045 0.056818 0.072150
0 0.552354 0.062771 0.043019 0.066378
0 0.653409 0.055556 0.037338 0.043290
0 0.705357 0.126984 0.035714 0.053391
0 0.664773 0.469697 0.056818 0.072150
0 0.753653 0.538240 0.054383 0.073593
0 0.559659 0.547619 0.064123 0.077922
0 0.375812 0.498557 0.058442 0.089466
0 0.108360 0.334776 0.038149 0.059163
0 0.213880 0.472583 0.049513 0.077922
0 0.349838 0.699134 0.053571 0.080808
0 0.184253 0.627706 0.045455 0.076479
0 0.032468 0.616162 0.034091 0.082251
0 0.126623 0.854978 0.051948 0.098124
0 0.312906 0.862193 0.059253 0.075036
0 0.518669 0.776335 0.056818 0.093795
0 0.651380 0.810245 0.060877 0.095238
0 0.711445 0.876623 0.070617 0.109668