0 0.118912 0.041126 0.028409 0.037518
0 0.178571 0.037518 0.035714 0.044733
0 0.268669 0.046898 0.029221 0.054834
0 0.383117 0.050505 0.040584 0.056277
0 0.448458 0.100289 0.052760 0.066378
0 0.590909 0.176768 0.047078 0.066378
0 0.533685 0.347763 0.052760 0.070707
0 0.626218 0.512266 0.056006 0.073593
0 0.392045 0.326840 0.055195 0.072150
0 0.298701 0.246032 0.045455 0.060606
0 0.208604 0.205628 0.045455 0.060606
0 0.155032 0.209235 0.048701 0.056277
0 0.205763 0.457431 0.044643 0.079365
0 0.279221 0.415584 0.053571 0.070707
0 0.378653 0.510101 0.057630 0.066378
0 0.519481 0.635642 0.061688 0.077922
0 0.616883 0.734488 0.063312 0.079365
0 0.319805 0.788600 0.055195 0.092352
0 0.431412 0.883117 0.052760 0.096681
0 0.150974 0.795815 0.051948 0.086580
0 0.750406 0.888889 0.051136 0.079365