0 0.068994 0.401876 0.040584 0.054834
0 0.077516 0.266955 0.031656 0.053391
0 0.060877 0.069986 0.032468 0.046176
0 0.145292 0.111111 0.042208 0.067821
0 0.230519 0.277778 0.050325 0.080808
0 0.336851 0.185426 0.040584 0.057720
0 0.361607 0.033189 0.047890 0.059163
0 0.483766 0.180375 0.061688 0.064935
0 0.551542 0.221501 0.043019 0.069264
0 0.603896 0.530303 0.066558 0.075036
0 0.471591 0.471140 0.066558 0.086580
0 0.340909 0.373016 0.053571 0.069264
0 0.422890 0.751082 0.055195 0.086580
0 0.598620 0.875902 0.068994 0.113997
0 0.385552 0.929293 0.063312 0.108225
0 0.178977 0.632756 0.052760 0.075036
0 0.023945 0.549784 0.043019 0.064935
0 0.099026 0.810245 0.048701 0.089466