0 0.046266 0.113997 0.035714 0.047619
0 0.117695 0.112554 0.037338 0.062049
0 0.211851 0.163781 0.047078 0.060606
0 0.351867 0.131313 0.059253 0.064935
0 0.332792 0.266234 0.040584 0.063492
0 0.500406 0.243146 0.052760 0.075036
0 0.586445 0.227994 0.052760 0.070707
0 0.670049 0.230880 0.047890 0.070707
0 0.750000 0.287157 0.048701 0.064935
0 0.687094 0.026335 0.041396 0.052670
0 0.582792 0.085859 0.045455 0.054834
0 0.552760 0.514430 0.068182 0.098124
0 0.655844 0.605339 0.058442 0.077922
0 0.722808 0.660895 0.057630 0.070707
0 0.580763 0.939755 0.062500 0.120490
0 0.446834 0.641414 0.068994 0.072150
0 0.294643 0.396104 0.047078 0.083694
0 0.191153 0.243867 0.038149 0.053391
0 0.162744 0.321068 0.036526 0.057720
0 0.231737 0.463203 0.047890 0.082251
0 0.054789 0.286436 0.036526 0.063492
0 0.111607 0.500722 0.038149 0.076479
0 0.339286 0.717893 0.061688 0.086580
0 0.252435 0.790043 0.053571 0.089466
0 0.075893 0.738095 0.046266 0.080808