0 0.016640 0.088745 0.030032 0.043290
0 0.057224 0.084416 0.033279 0.043290
0 0.114042 0.038961 0.039773 0.027417
0 0.230925 0.111833 0.043019 0.060606
0 0.163961 0.135642 0.042208 0.056277
0 0.189123 0.326840 0.043831 0.063492
0 0.107143 0.296537 0.037338 0.069264
0 0.057630 0.406926 0.038961 0.064935
0 0.148133 0.479798 0.043019 0.086580
0 0.026380 0.561328 0.034903 0.073593
0 0.316964 0.247475 0.044643 0.072150
0 0.357955 0.022727 0.048701 0.045454
0 0.404627 0.102453 0.041396 0.067821
0 0.471997 0.079365 0.051136 0.064935
0 0.564123 0.111111 0.042208 0.064935
0 0.599026 0.023449 0.047078 0.046898
0 0.670860 0.243146 0.034903 0.060606
0 0.741883 0.356421 0.043831 0.067821
0 0.586039 0.349206 0.061688 0.076479
0 0.488636 0.375180 0.055195 0.073593
0 0.297484 0.445887 0.054383 0.079365
0 0.288149 0.707071 0.056818 0.085137
0 0.449675 0.722944 0.064935 0.093795
0 0.571834 0.738095 0.062500 0.083694
0 0.679789 0.778499 0.059253 0.075036
0 0.774351 0.854257 0.053571 0.076479
0 0.425731 0.943362 0.062500 0.113276
0 0.247159 0.860029 0.056006 0.085137
0 0.080357 0.822511 0.042208 0.079365