0 0.047078 0.153680 0.037338 0.046176
0 0.079140 0.209957 0.031656 0.057720
0 0.143669 0.107504 0.035714 0.063492
0 0.243506 0.204185 0.045455 0.066378
0 0.372971 0.311688 0.049513 0.059163
0 0.461445 0.081530 0.051136 0.063492
0 0.548701 0.049062 0.047078 0.053391
0 0.469562 0.296537 0.062500 0.063492
0 0.558036 0.367965 0.059253 0.070707
0 0.641640 0.392496 0.057630 0.070707
0 0.629464 0.596681 0.064123 0.098124
0 0.380276 0.917749 0.059253 0.111111
0 0.244318 0.498557 0.058442 0.086580
0 0.141640 0.331890 0.039773 0.064935
0 0.046266 0.346320 0.032468 0.073593
0 0.060065 0.558442 0.038961 0.079365
0 0.151786 0.940837 0.042208 0.085137