0 0.055195 0.049784 0.030844 0.023088
0 0.084821 0.247475 0.038149 0.066378
0 0.143669 0.087302 0.037338 0.046176
0 0.226867 0.029582 0.043019 0.043290
0 0.288961 0.200577 0.042208 0.076479
0 0.400568 0.101732 0.044643 0.060606
0 0.469562 0.024892 0.056006 0.049784
0 0.551542 0.066378 0.041396 0.067821
0 0.662744 0.137807 0.036526 0.060606
0 0.722403 0.233045 0.040584 0.063492
0 0.584416 0.259019 0.055195 0.072150
0 0.486201 0.308081 0.056818 0.063492
0 0.552354 0.608947 0.060877 0.076479
0 0.668831 0.619048 0.056818 0.076479
0 0.758523 0.694084 0.054383 0.076479
0 0.409497 0.603896 0.060877 0.092352
0 0.267045 0.341991 0.047078 0.067821
0 0.164367 0.253247 0.041396 0.066378
0 0.118912 0.411977 0.043019 0.083694
0 0.043831 0.338384 0.034091 0.057720
0 0.057224 0.714286 0.038149 0.085137
0 0.216721 0.738095 0.048701 0.080808
0 0.243912 0.587302 0.054383 0.093795
0 0.167614 0.946609 0.059253 0.102453
0 0.383929 0.824675 0.061688 0.089466
0 0.564123 0.951299 0.056818 0.097402