0 0.147727 0.106061 0.038961 0.063492
0 0.087256 0.209957 0.041396 0.051948
0 0.028815 0.235931 0.038149 0.057720
0 0.140828 0.349928 0.034903 0.063492
0 0.230925 0.282107 0.052760 0.077922
0 0.492289 0.207071 0.052760 0.063492
0 0.627435 0.336941 0.053571 0.072150
0 0.441964 0.511544 0.057630 0.066378
0 0.581169 0.693362 0.063312 0.077922
0 0.660308 0.738095 0.052760 0.086580
0 0.458198 0.841991 0.049513 0.095238
0 0.392451 0.909812 0.064123 0.103896
0 0.208198 0.625541 0.046266 0.092352
0 0.120130 0.803752 0.042208 0.082251
0 0.019075 0.596681 0.034903 0.054834
0 0.226461 0.016955 0.037338 0.033910