0 0.138799 0.116883 0.034091 0.067821
0 0.044237 0.150072 0.034903 0.050505
0 0.074269 0.211400 0.034903 0.049062
0 0.263393 0.082973 0.046266 0.054834
0 0.364854 0.082251 0.043019 0.044733
0 0.539773 0.021284 0.045455 0.042568
0 0.611201 0.209235 0.051948 0.047619
0 0.665584 0.183983 0.048701 0.057720
0 0.511769 0.253247 0.056006 0.075036
0 0.468750 0.343434 0.056006 0.070707
0 0.394886 0.462482 0.052760 0.072150
0 0.268669 0.347763 0.051948 0.067821
0 0.158279 0.373016 0.042208 0.069264
0 0.040584 0.352092 0.029221 0.070707
0 0.017451 0.433622 0.034902 0.066378
0 0.045049 0.668831 0.036526 0.083694
0 0.141640 0.694084 0.044643 0.085137
0 0.242695 0.656566 0.058442 0.079365
0 0.575081 0.601010 0.064123 0.072150
0 0.694399 0.708514 0.064123 0.076479
0 0.631899 0.799423 0.059253 0.076479