0 0.135552 0.165224 0.034091 0.063492
0 0.227679 0.130592 0.041396 0.054834
0 0.339286 0.140693 0.038961 0.060606
0 0.401786 0.196970 0.047078 0.060606
0 0.469156 0.284993 0.050325 0.069264
0 0.534497 0.206349 0.051136 0.059163
0 0.440341 0.031385 0.059253 0.062770
0 0.640828 0.445887 0.049513 0.064935
0 0.606737 0.687590 0.057630 0.086580
0 0.750406 0.869408 0.060877 0.092352
0 0.615666 0.924964 0.073864 0.108225
0 0.474432 0.796537 0.068994 0.085137
0 0.487825 0.606782 0.060065 0.095238
0 0.381899 0.455988 0.049513 0.070707
0 0.275162 0.410534 0.045455 0.072150
0 0.189123 0.392496 0.050325 0.064935
0 0.370536 0.696248 0.057630 0.083694
0 0.245130 0.722222 0.048701 0.072150