0 0.112013 0.028139 0.032468 0.043290
0 0.258117 0.025613 0.035714 0.051226
0 0.446834 0.058442 0.054383 0.060606
0 0.576299 0.133478 0.048701 0.063492
0 0.526786 0.298701 0.053571 0.067821
0 0.614854 0.451659 0.054383 0.076479
0 0.594562 0.661616 0.062500 0.077922
0 0.733766 0.825397 0.051948 0.079365
0 0.504870 0.572872 0.061688 0.076479
0 0.377841 0.274170 0.052760 0.067821
0 0.284497 0.204906 0.043019 0.064935
0 0.205357 0.161616 0.042208 0.059163
0 0.149351 0.181818 0.038961 0.050505
0 0.264610 0.365801 0.050325 0.072150
0 0.200081 0.410534 0.043019 0.069264
0 0.360795 0.458874 0.056006 0.067821
0 0.304383 0.715729 0.055195 0.088023
0 0.409091 0.809524 0.056818 0.082251
0 0.285714 0.910534 0.055195 0.093795
0 0.140422 0.716450 0.047078 0.069264