0 0.080763 0.230880 0.041396 0.041847
0 0.114448 0.235209 0.038961 0.064935
0 0.120130 0.077922 0.027597 0.041847
0 0.176136 0.184704 0.040584 0.064935
0 0.209010 0.024170 0.039773 0.048340
0 0.308036 0.202020 0.047890 0.053391
0 0.375812 0.027056 0.040584 0.054112
0 0.441153 0.209957 0.046266 0.066378
0 0.490666 0.233045 0.052760 0.075036
0 0.550325 0.151515 0.050325 0.053391
0 0.456575 0.074315 0.044643 0.051948
0 0.597808 0.445166 0.057630 0.069264
0 0.500000 0.605339 0.056818 0.075036
0 0.590909 0.711400 0.066558 0.090909
0 0.271916 0.468254 0.050325 0.069264
0 0.141234 0.503608 0.045455 0.073593
0 0.225244 0.772727 0.047890 0.089466
0 0.107143 0.705628 0.040584 0.064935
0 0.304383 0.786436 0.058442 0.073593
0 0.384334 0.566378 0.054383 0.077922
0 0.220373 0.938672 0.039773 0.092352
0 0.720779 0.941558 0.064935 0.089466