0 0.019886 0.294372 0.034903 0.064935
0 0.057630 0.182540 0.037338 0.060606
0 0.119318 0.266234 0.035714 0.072150
0 0.203328 0.190476 0.041396 0.062049
0 0.174513 0.036075 0.032468 0.047619
0 0.234172 0.090188 0.039773 0.043290
0 0.360390 0.272727 0.051948 0.064935
0 0.259740 0.251804 0.042208 0.069264
0 0.211445 0.415584 0.047890 0.067821
0 0.403815 0.067821 0.046266 0.053391
0 0.468750 0.135642 0.046266 0.047619
0 0.577110 0.258297 0.040584 0.056277
0 0.187500 0.659452 0.045455 0.076479
0 0.240666 0.674603 0.052760 0.083694
0 0.335227 0.617605 0.061688 0.082251
0 0.443994 0.639250 0.053571 0.076479
0 0.443994 0.338384 0.050325 0.063492
0 0.567370 0.462482 0.050325 0.060606
0 0.687500 0.586580 0.051948 0.075036
0 0.580763 0.721501 0.056006 0.096681
0 0.654221 0.806638 0.063312 0.082251