0 0.124594 0.086580 0.036526 0.044733
0 0.171266 0.028860 0.034091 0.053391
0 0.239042 0.068543 0.039773 0.049062
0 0.307224 0.098846 0.039773 0.051948
0 0.490666 0.111833 0.044643 0.051948
0 0.562094 0.221501 0.049513 0.051948
0 0.526380 0.372294 0.057630 0.067821
0 0.435471 0.304473 0.054383 0.064935
0 0.288149 0.259019 0.047078 0.046176
0 0.214286 0.181818 0.043831 0.062049
0 0.172890 0.200577 0.042208 0.056277
0 0.253653 0.398990 0.049513 0.066378
0 0.091721 0.400433 0.040584 0.051948
0 0.318994 0.489899 0.048701 0.080808
0 0.463474 0.678932 0.055195 0.077922
0 0.640828 0.528139 0.052760 0.062049
0 0.530844 0.671717 0.051948 0.086580
0 0.204140 0.549062 0.046266 0.083694
0 0.072646 0.629870 0.041396 0.066378
0 0.316964 0.757576 0.054383 0.085137
0 0.670455 0.862915 0.056818 0.082251