0 0.122565 0.066378 0.032468 0.036075
0 0.202110 0.129870 0.037338 0.053391
0 0.172078 0.178211 0.038961 0.054834
0 0.083198 0.341270 0.044643 0.057720
0 0.229708 0.036797 0.037338 0.040404
0 0.286526 0.062771 0.038961 0.051948
0 0.476461 0.064935 0.047078 0.056277
0 0.552760 0.162338 0.051948 0.057720
0 0.431412 0.233045 0.052760 0.060606
0 0.510552 0.316739 0.051948 0.063492
0 0.631088 0.441558 0.049513 0.056277
0 0.504464 0.582251 0.052760 0.077922
0 0.274351 0.217893 0.045455 0.044733
0 0.239042 0.336941 0.049513 0.066378
0 0.293019 0.424964 0.045455 0.077922
0 0.185065 0.457431 0.042208 0.082251
0 0.051948 0.537518 0.038961 0.063492
0 0.293831 0.653680 0.050325 0.076479
0 0.424919 0.572150 0.054383 0.077922
0 0.645698 0.759740 0.051136 0.086580
0 0.278815 0.933622 0.051136 0.082251
0 0.762987 0.911255 0.060065 0.069264