0 0.073864 0.200577 0.037338 0.050505
0 0.174513 0.160173 0.040584 0.053391
0 0.169237 0.340548 0.041396 0.059163
0 0.034903 0.305195 0.025974 0.054834
0 0.097403 0.427128 0.040584 0.067821
0 0.053977 0.512987 0.043019 0.063492
0 0.293019 0.199134 0.037338 0.064935
0 0.372565 0.177489 0.048701 0.059163
0 0.465503 0.195527 0.049513 0.066378
0 0.528409 0.128427 0.040584 0.059163
0 0.622159 0.264791 0.046266 0.054834
0 0.449269 0.422799 0.049513 0.076479
0 0.415990 0.480519 0.047890 0.076479
0 0.271510 0.448052 0.046266 0.083694
0 0.239854 0.598124 0.049513 0.075036
0 0.181006 0.619048 0.047078 0.073593
0 0.140828 0.779942 0.044643 0.080808
0 0.121753 0.860029 0.037338 0.079365
0 0.342532 0.915584 0.060065 0.092352
0 0.416396 0.777778 0.066558 0.088023
0 0.534091 0.879509 0.068182 0.106782
0 0.565747 0.712121 0.063312 0.072150
0 0.605925 0.609668 0.060877 0.069264
0 0.726867 0.870130 0.056006 0.088023