0 0.015422 0.157287 0.030844 0.047619
0 0.057224 0.066378 0.030032 0.044733
0 0.122971 0.148629 0.038149 0.041847
0 0.240666 0.072150 0.044643 0.044733
0 0.326705 0.113276 0.049513 0.051948
0 0.399351 0.222222 0.050325 0.064935
0 0.469968 0.100289 0.050325 0.051948
0 0.551136 0.183983 0.042208 0.051948
0 0.511769 0.349206 0.049513 0.076479
0 0.610795 0.435065 0.051136 0.075036
0 0.659497 0.370851 0.043019 0.062049
0 0.729708 0.746753 0.058442 0.083694
0 0.502029 0.495671 0.067370 0.075036
0 0.420049 0.605339 0.054383 0.083694
0 0.269075 0.262626 0.046266 0.053391
0 0.195617 0.240260 0.042208 0.066378
0 0.075487 0.291486 0.027597 0.038961
0 0.127435 0.383117 0.042208 0.060606
0 0.178571 0.416306 0.038961 0.072150
0 0.297078 0.643579 0.053571 0.088023
0 0.045049 0.452381 0.036526 0.063492
0 0.064529 0.822511 0.038149 0.105339
0 0.122565 0.782828 0.048701 0.089466
0 0.534903 0.829004 0.058442 0.115440
0 0.631088 0.779221 0.067370 0.076479
0 0.706169 0.879509 0.055195 0.092352
0 0.016640 0.643579 0.033279 0.067821