0 0.131088 0.150072 0.034903 0.059163
0 0.219968 0.116883 0.040584 0.056277
0 0.334416 0.126263 0.038961 0.060606
0 0.397727 0.178211 0.047078 0.057720
0 0.459416 0.265512 0.051948 0.067821
0 0.527192 0.186147 0.052760 0.059163
0 0.635958 0.414863 0.049513 0.072150
0 0.187906 0.370851 0.049513 0.073593
0 0.267451 0.383838 0.044643 0.070707
0 0.369724 0.431457 0.049513 0.070707
0 0.239042 0.697691 0.052760 0.072150
0 0.361607 0.665945 0.049513 0.080808
0 0.473620 0.573593 0.059253 0.077922
0 0.590909 0.647908 0.061688 0.079365
0 0.463474 0.764791 0.068182 0.082251
0 0.603084 0.892496 0.069805 0.101010
0 0.726867 0.839827 0.065747 0.090909