0 0.038555 0.094517 0.034903 0.046176
0 0.143669 0.105339 0.035714 0.062049
0 0.237419 0.109668 0.044643 0.059163
0 0.347808 0.142857 0.047890 0.059163
0 0.434253 0.144300 0.050325 0.053391
0 0.521916 0.129149 0.051948 0.046176
0 0.571834 0.139250 0.052760 0.054834
0 0.564529 0.420635 0.054383 0.066378
0 0.688312 0.635642 0.063312 0.077922
0 0.504058 0.775613 0.055195 0.089466
0 0.392045 0.905483 0.060065 0.109668
0 0.284091 0.802309 0.060065 0.090909
0 0.067776 0.744589 0.034903 0.070707
0 0.023945 0.442280 0.034903 0.075036
0 0.052354 0.354978 0.039773 0.064935
0 0.076299 0.216450 0.037338 0.056277
0 0.149351 0.319625 0.038961 0.069264
0 0.247971 0.366522 0.057630 0.067821