0 0.047078 0.009019 0.025974 0.018038
0 0.057224 0.186147 0.030032 0.059163
0 0.024756 0.260462 0.030032 0.054834
0 0.105519 0.320346 0.038961 0.070707
0 0.132711 0.159452 0.039773 0.054834
0 0.138393 0.029582 0.036526 0.051948
0 0.276786 0.135642 0.042208 0.064935
0 0.225649 0.220058 0.047078 0.063492
0 0.384740 0.119048 0.045455 0.072150
0 0.484578 0.269841 0.050325 0.067821
0 0.577922 0.226551 0.066558 0.073593
0 0.552760 0.059885 0.043831 0.072150
0 0.698052 0.095238 0.035714 0.056277
0 0.750406 0.469697 0.047890 0.063492
0 0.668831 0.401154 0.053571 0.073593
0 0.560065 0.546176 0.066558 0.089466
0 0.357549 0.466089 0.059253 0.096681
0 0.201299 0.424964 0.053571 0.083694
0 0.162338 0.578644 0.042208 0.088023
0 0.029627 0.575036 0.041396 0.072150
0 0.100649 0.818903 0.050325 0.112554
0 0.326705 0.642136 0.056006 0.093795
0 0.302760 0.794372 0.053571 0.080808
0 0.234984 0.892496 0.052760 0.077922
0 0.448052 0.919192 0.071429 0.111111
0 0.495942 0.707071 0.050325 0.099567
0 0.645292 0.743146 0.056818 0.090909
0 0.700487 0.799423 0.066558 0.088023