0 0.146916 0.103175 0.040584 0.051948
0 0.062500 0.119769 0.034091 0.044733
0 0.099432 0.321789 0.031656 0.062049
0 0.231331 0.278499 0.048701 0.076479
0 0.367289 0.528139 0.056006 0.064935
0 0.104302 0.507937 0.039773 0.079365
0 0.045860 0.656566 0.036526 0.067821
0 0.220373 0.794372 0.051136 0.075036
0 0.159091 0.959957 0.047078 0.080086
0 0.384740 0.924964 0.060065 0.088023
0 0.505682 0.930736 0.056818 0.090909
0 0.540179 0.707792 0.067370 0.092352
0 0.655438 0.769120 0.064123 0.070707
0 0.384334 0.272006 0.043019 0.057720
0 0.511364 0.337662 0.056818 0.079365
0 0.573864 0.369408 0.045455 0.076479
0 0.571429 0.111111 0.051948 0.050505
0 0.387175 0.124098 0.043831 0.059163