0 0.060877 0.221501 0.034091 0.049062
0 0.051542 0.038240 0.028409 0.043290
0 0.118912 0.109668 0.039773 0.047619
0 0.238231 0.021284 0.044643 0.042568
0 0.012987 0.112554 0.025974 0.038961
0 0.043019 0.367244 0.035714 0.057720
0 0.114042 0.336941 0.043019 0.057720
0 0.157062 0.331169 0.044643 0.072150
0 0.262175 0.541126 0.053571 0.082251
0 0.191153 0.170996 0.044643 0.060606
0 0.334010 0.058442 0.044643 0.051948
0 0.388393 0.138528 0.047890 0.056277
0 0.447646 0.048341 0.046266 0.046176
0 0.535308 0.099567 0.043019 0.050505
0 0.622159 0.252525 0.043019 0.070707
0 0.485390 0.266234 0.048701 0.072150
0 0.579951 0.355700 0.051136 0.063492
0 0.703328 0.566378 0.056006 0.072150
0 0.691153 0.716450 0.049513 0.095238
0 0.609172 0.630592 0.068994 0.085137
0 0.464286 0.426407 0.060065 0.072150
0 0.400568 0.468254 0.059253 0.063492
0 0.497565 0.723665 0.061688 0.101010
0 0.397727 0.816017 0.063312 0.101010
0 0.247971 0.204185 0.046266 0.051948
0 0.092127 0.663781 0.049513 0.085137
0 0.278409 0.853535 0.055195 0.080808
0 0.028815 0.795094 0.036526 0.093795