1 0.176542 0.261183 0.043019 0.075036
0 0.073864 0.129870 0.032468 0.057720
0 0.096997 0.083694 0.030032 0.051948
0 0.199269 0.087302 0.036526 0.047619
0 0.252435 0.270563 0.042208 0.064935
0 0.480925 0.375902 0.056006 0.059163
0 0.446023 0.023810 0.044643 0.047619
0 0.528003 0.249639 0.047890 0.066378
0 0.543019 0.453102 0.063312 0.083694
0 0.646916 0.497114 0.058442 0.064935
0 0.311282 0.540404 0.057630 0.067821
0 0.213880 0.544733 0.049513 0.076479
0 0.428571 0.760462 0.064935 0.083694
0 0.517857 0.792929 0.056818 0.082251
0 0.605519 0.883117 0.066558 0.080808
0 0.752029 0.886003 0.062500 0.083694