0 0.043831 0.155844 0.035714 0.044733
0 0.077922 0.209957 0.035714 0.049062
0 0.141640 0.107504 0.036526 0.063492
0 0.237013 0.186869 0.048701 0.066378
0 0.371753 0.278499 0.050325 0.064935
0 0.454951 0.056999 0.047890 0.057720
0 0.470779 0.274892 0.060065 0.069264
0 0.558847 0.298701 0.052760 0.053391
0 0.623377 0.334055 0.056818 0.063492
0 0.538149 0.032107 0.045455 0.064214
0 0.628653 0.565657 0.062500 0.099567
0 0.709010 0.923521 0.064123 0.088023
0 0.381899 0.922078 0.059253 0.119769
0 0.135146 0.888167 0.041396 0.086580
0 0.243101 0.474747 0.056006 0.073593
0 0.144075 0.330447 0.036526 0.070707
0 0.047484 0.349206 0.033279 0.073593
0 0.047484 0.543290 0.041396 0.075036