0 0.073864 0.119769 0.034091 0.044733
0 0.015016 0.142136 0.030032 0.040404
0 0.093344 0.502165 0.037338 0.070707
0 0.052760 0.651515 0.038961 0.069264
0 0.145698 0.370851 0.038149 0.070707
0 0.228490 0.457431 0.046266 0.079365
0 0.177354 0.212843 0.043019 0.054834
0 0.245536 0.231602 0.049513 0.057720
0 0.116883 0.089466 0.037338 0.036075
0 0.367695 0.081530 0.047078 0.051948
0 0.409497 0.113276 0.044643 0.060606
0 0.478084 0.164502 0.056818 0.062049
0 0.493101 0.046176 0.051136 0.053391
0 0.618101 0.095960 0.051136 0.057720
0 0.581169 0.204185 0.043831 0.069264
0 0.695617 0.401876 0.045455 0.072150
0 0.769075 0.547619 0.051136 0.072150
0 0.598620 0.488456 0.065747 0.075036
0 0.498782 0.519481 0.057630 0.070707
0 0.354708 0.579365 0.056818 0.072150
0 0.359984 0.335498 0.047890 0.069264
0 0.495536 0.914863 0.062500 0.093795
0 0.349838 0.891775 0.064935 0.096681
0 0.193994 0.608225 0.047078 0.086580
0 0.607143 0.932179 0.056818 0.079365