0 0.064935 0.077922 0.030844 0.038961
0 0.146916 0.112554 0.038961 0.062049
0 0.080357 0.277056 0.029221 0.059163
0 0.231331 0.277056 0.048701 0.079365
0 0.348620 0.195527 0.038149 0.054834
0 0.361201 0.054834 0.048701 0.056277
0 0.484578 0.200577 0.056818 0.056277
0 0.556818 0.231602 0.042208 0.054834
0 0.480925 0.503608 0.060877 0.082251
0 0.613636 0.561328 0.066558 0.067821
0 0.346997 0.385281 0.051136 0.062049
0 0.077516 0.411977 0.038149 0.051948
0 0.028409 0.557720 0.038961 0.054834
0 0.180601 0.655844 0.052760 0.075036
0 0.437500 0.769841 0.056818 0.092352
0 0.385958 0.927128 0.064123 0.103896
0 0.601055 0.914863 0.070617 0.111111
0 0.109578 0.836941 0.048701 0.090909