0 0.029627 0.159452 0.033279 0.051948
0 0.146104 0.108947 0.043831 0.077922
0 0.228490 0.277778 0.052760 0.083694
0 0.236607 0.173882 0.046266 0.066378
0 0.228490 0.040404 0.038149 0.053391
0 0.378653 0.079365 0.056006 0.067821
0 0.504058 0.133478 0.056818 0.069264
0 0.517045 0.391775 0.061688 0.077922
0 0.342127 0.347763 0.059253 0.062049
0 0.422890 0.721501 0.060065 0.099567
0 0.177760 0.614719 0.055195 0.076479
0 0.087256 0.386724 0.044643 0.062049
0 0.025162 0.487734 0.040584 0.082251
0 0.099432 0.809524 0.039773 0.085137
0 0.297890 0.942280 0.064935 0.099567
0 0.384740 0.919913 0.068182 0.109668