0 0.036932 0.389610 0.033279 0.056277
0 0.031250 0.206349 0.030032 0.036075
0 0.068588 0.111833 0.036526 0.051948
0 0.148945 0.088023 0.036526 0.044733
0 0.267451 0.090909 0.033279 0.053391
0 0.133929 0.238095 0.035714 0.053391
0 0.081575 0.314574 0.041396 0.050505
0 0.140016 0.450938 0.039773 0.066378
0 0.200487 0.428571 0.043831 0.076479
0 0.228084 0.314574 0.045455 0.067821
0 0.356737 0.340548 0.049513 0.073593
0 0.368101 0.298701 0.043019 0.053391
0 0.438718 0.072150 0.046266 0.056277
0 0.349432 0.060606 0.044643 0.053391
0 0.538961 0.059163 0.055195 0.056277
0 0.588880 0.095238 0.049513 0.050505
0 0.540990 0.400433 0.056006 0.057720
0 0.491883 0.463203 0.058442 0.059163
0 0.669643 0.628427 0.053571 0.077922
0 0.609834 0.920863 0.067925 0.086580
0 0.472488 0.634161 0.069207 0.084302
0 0.094562 0.629149 0.044643 0.073593
0 0.064123 0.722944 0.038961 0.064935
0 0.225649 0.860029 0.048701 0.070707
0 0.266640 0.717893 0.056006 0.075036
0 0.357955 0.592352 0.056818 0.080808