0 0.051542 0.251082 0.033279 0.070707
0 0.146916 0.108947 0.038961 0.066378
0 0.052354 0.053391 0.034903 0.047619
0 0.230925 0.277056 0.051136 0.088023
0 0.318994 0.319625 0.048701 0.072150
0 0.318994 0.138528 0.045455 0.059163
0 0.445211 0.373016 0.065747 0.086580
0 0.575893 0.427850 0.065747 0.072150
0 0.575893 0.750361 0.067370 0.093795
0 0.383117 0.642136 0.056818 0.093795
0 0.456575 0.118326 0.057630 0.067821
0 0.531250 0.149351 0.046266 0.075036
0 0.262987 0.880231 0.061688 0.102453
0 0.387987 0.928571 0.068182 0.109668
0 0.160308 0.552670 0.049513 0.076479
0 0.047078 0.375180 0.040584 0.073593
0 0.075893 0.719336 0.047890 0.086580