0 0.068994 0.221501 0.032468 0.057720
0 0.029221 0.300866 0.030844 0.063492
0 0.107549 0.358586 0.039773 0.083694
0 0.151786 0.199856 0.038961 0.060606
0 0.140422 0.055556 0.035714 0.049062
0 0.052354 0.025253 0.030032 0.031746
0 0.271510 0.179654 0.039773 0.066378
0 0.396510 0.112554 0.043019 0.076479
0 0.553977 0.064935 0.046266 0.062049
0 0.658685 0.077201 0.038149 0.054834
0 0.707792 0.149351 0.038961 0.054834
0 0.581575 0.241703 0.051136 0.080808
0 0.484578 0.282828 0.051948 0.076479
0 0.242695 0.284271 0.045455 0.073593
0 0.216721 0.501443 0.050325 0.080808
0 0.386364 0.526696 0.058442 0.090909
0 0.560471 0.551948 0.062500 0.077922
0 0.661932 0.505772 0.059253 0.066378
0 0.750406 0.577922 0.054383 0.077922
0 0.038149 0.642136 0.034091 0.088023
0 0.139610 0.865801 0.048701 0.099567
0 0.192776 0.653680 0.047890 0.082251
0 0.358360 0.733045 0.059253 0.096681
0 0.529627 0.823232 0.056006 0.115440
0 0.650974 0.852814 0.069805 0.102453
0 0.711039 0.906926 0.074675 0.101010
0 0.321834 0.904040 0.059253 0.077922