0 0.054383 0.168831 0.034091 0.056277
0 0.019481 0.275613 0.032468 0.062049
0 0.115260 0.242424 0.035714 0.064935
0 0.173701 0.024892 0.035714 0.049784
0 0.230925 0.082973 0.041396 0.040404
0 0.399756 0.055556 0.049513 0.060606
0 0.463880 0.124098 0.043019 0.064935
0 0.568994 0.235209 0.043831 0.053391
0 0.433847 0.313853 0.049513 0.057720
0 0.355519 0.246032 0.047078 0.054834
0 0.254464 0.228716 0.043019 0.063492
0 0.203328 0.173882 0.046266 0.060606
0 0.204545 0.393218 0.045455 0.066378
0 0.328734 0.580808 0.063312 0.086580
0 0.230925 0.650794 0.056006 0.088023
0 0.178571 0.634199 0.045455 0.072150
0 0.439529 0.605339 0.052760 0.069264
0 0.556412 0.435786 0.051136 0.062049
0 0.677760 0.554834 0.047078 0.077922
0 0.566153 0.682540 0.056006 0.099567
0 0.646510 0.761905 0.062500 0.079365