0 0.045455 0.250361 0.035714 0.051948
0 0.044237 0.082973 0.033279 0.046176
0 0.110795 0.071429 0.039773 0.046176
0 0.213880 0.114719 0.043019 0.057720
0 0.173701 0.211400 0.037338 0.060606
0 0.145292 0.269841 0.032468 0.053391
0 0.199675 0.413420 0.042208 0.077922
0 0.267451 0.333333 0.047890 0.073593
0 0.308442 0.210678 0.042208 0.062049
0 0.351867 0.132035 0.060877 0.063492
0 0.502029 0.242424 0.047890 0.073593
0 0.587256 0.227273 0.054383 0.080808
0 0.551948 0.510823 0.066558 0.090909
0 0.661120 0.485570 0.056006 0.066378
0 0.659091 0.165224 0.043831 0.060606
0 0.743506 0.212121 0.045455 0.053391
0 0.732143 0.564214 0.055195 0.062049
0 0.551542 0.862915 0.059253 0.125541
0 0.427760 0.549784 0.061688 0.073593
0 0.091315 0.444444 0.039773 0.070707
0 0.242289 0.670996 0.047890 0.073593
0 0.318588 0.630592 0.062500 0.073593
0 0.056818 0.667388 0.048701 0.083694
0 0.152597 0.927850 0.048701 0.093795
0 0.468750 0.935786 0.057630 0.086580
0 0.721591 0.953463 0.068182 0.093074