1 0.215097 0.428571 0.051948 0.075036
0 0.119318 0.178211 0.035714 0.064935
0 0.148133 0.100289 0.033279 0.053391
0 0.225649 0.181818 0.034091 0.060606
0 0.300325 0.046898 0.038961 0.059163
0 0.399756 0.180375 0.051136 0.054834
0 0.471185 0.193362 0.054383 0.066378
0 0.601867 0.443001 0.057630 0.063492
0 0.504870 0.645022 0.066558 0.077922
0 0.586039 0.740260 0.071429 0.080808
0 0.683847 0.820346 0.062500 0.088023
0 0.368506 0.787157 0.060065 0.085137
0 0.246753 0.753247 0.051948 0.092352
0 0.318588 0.399711 0.047890 0.077922