0 0.512175 0.029582 0.043831 0.043290
0 0.405438 0.082251 0.046266 0.056277
0 0.473214 0.153680 0.045455 0.051948
0 0.582792 0.274170 0.043831 0.053391
0 0.581575 0.488456 0.047890 0.063492
0 0.696023 0.619048 0.051136 0.079365
0 0.592938 0.763348 0.057630 0.099567
0 0.667208 0.860029 0.058442 0.102453
0 0.449269 0.365801 0.051136 0.069264
0 0.358766 0.303030 0.051948 0.059163
0 0.237419 0.102453 0.039773 0.047619
0 0.175731 0.049062 0.036526 0.053391
0 0.062094 0.201299 0.038149 0.049062
0 0.026786 0.313131 0.032468 0.050505
0 0.204951 0.206349 0.044643 0.070707
0 0.258523 0.270563 0.038149 0.069264
0 0.124188 0.284993 0.038961 0.066378
0 0.217532 0.443723 0.045455 0.072150
0 0.345373 0.660173 0.062500 0.092352
0 0.451705 0.675325 0.056006 0.070707
0 0.254058 0.714286 0.053571 0.090909
0 0.195211 0.679654 0.047890 0.079365