1 0.106737 0.049062 0.030032 0.054834
0 0.156250 0.205628 0.034903 0.060606
0 0.234172 0.202020 0.044643 0.062049
0 0.175325 0.037518 0.035714 0.050505
0 0.351867 0.218615 0.044643 0.066378
0 0.423295 0.260462 0.044643 0.063492
0 0.372159 0.036075 0.047890 0.053391
0 0.437906 0.077922 0.047890 0.059163
0 0.512175 0.022006 0.040584 0.044012
0 0.556006 0.305195 0.053571 0.066378
0 0.495536 0.366522 0.052760 0.076479
0 0.195617 0.486291 0.048701 0.079365
0 0.309253 0.519481 0.050325 0.079365
0 0.409903 0.567100 0.058442 0.079365
0 0.533685 0.736652 0.064123 0.089466
0 0.675731 0.590909 0.056006 0.072150
0 0.661932 0.854257 0.062500 0.099567
0 0.527192 0.925685 0.075487 0.138528
0 0.412338 0.824675 0.060065 0.095238
0 0.261364 0.865079 0.061688 0.101010