0 0.058847 0.134921 0.031656 0.037518
0 0.124188 0.133478 0.042208 0.046176
0 0.221591 0.189033 0.040584 0.067821
0 0.349838 0.130592 0.051948 0.060606
0 0.242289 0.024170 0.036526 0.048340
0 0.498377 0.245310 0.055195 0.073593
0 0.587662 0.233045 0.051948 0.083694
0 0.672890 0.277056 0.048701 0.073593
0 0.750406 0.345599 0.052760 0.080808
0 0.551542 0.512987 0.068994 0.098124
0 0.647321 0.655123 0.060877 0.073593
0 0.713880 0.730159 0.060877 0.067821
0 0.457386 0.697691 0.070617 0.080808
0 0.311282 0.431457 0.044643 0.082251
0 0.354302 0.309524 0.041396 0.066378
0 0.195617 0.269120 0.042208 0.066378
0 0.062094 0.309524 0.038149 0.069264
0 0.169237 0.369408 0.036526 0.056277
0 0.258117 0.494228 0.045455 0.083694
0 0.127841 0.530303 0.038149 0.077922
0 0.091721 0.780664 0.043831 0.090909
0 0.263799 0.870130 0.051948 0.088023
0 0.359172 0.760462 0.065747 0.076479
0 0.581169 0.088023 0.042208 0.056277
0 0.700081 0.069264 0.044643 0.059163