0 0.144886 0.117605 0.043019 0.051948
0 0.189123 0.102453 0.035714 0.050505
0 0.257305 0.133478 0.040584 0.054834
0 0.349026 0.194805 0.048701 0.070707
0 0.507711 0.214286 0.049513 0.049062
0 0.544643 0.058442 0.042208 0.057720
0 0.592532 0.352814 0.051948 0.054834
0 0.326705 0.370130 0.051136 0.051948
0 0.560065 0.518038 0.061688 0.067821
0 0.473620 0.464646 0.060877 0.079365
0 0.687500 0.710678 0.051948 0.077922
0 0.246347 0.282828 0.044643 0.064935
0 0.185065 0.322511 0.040584 0.066378
0 0.281250 0.568543 0.054383 0.082251
0 0.381494 0.667388 0.050325 0.086580
0 0.586851 0.875180 0.060065 0.089466
0 0.115666 0.567100 0.044643 0.073593
0 0.242695 0.764069 0.048701 0.086580
0 0.102679 0.863636 0.044643 0.095238
0 0.515016 0.897547 0.062500 0.085137