0 0.066558 0.220058 0.032468 0.040404
0 0.028815 0.337662 0.036526 0.053391
0 0.129464 0.305195 0.038149 0.069264
0 0.152192 0.112554 0.036526 0.038961
0 0.179383 0.059885 0.038961 0.054834
0 0.237419 0.117605 0.044643 0.054834
0 0.404627 0.099567 0.049513 0.056277
0 0.481331 0.178932 0.051948 0.056277
0 0.584010 0.295815 0.043019 0.064935
0 0.209010 0.215729 0.043019 0.063492
0 0.262581 0.283550 0.041396 0.069264
0 0.364448 0.334055 0.051948 0.060606
0 0.454545 0.390332 0.053571 0.069264
0 0.591721 0.516595 0.056818 0.070707
0 0.702516 0.650072 0.052760 0.072150
0 0.601867 0.808802 0.059253 0.115440
0 0.669643 0.906926 0.064935 0.095238
0 0.462256 0.709957 0.056006 0.079365
0 0.358360 0.696970 0.064123 0.099567
0 0.228896 0.463925 0.047078 0.077922
0 0.202922 0.704906 0.050325 0.080808
0 0.264610 0.756854 0.051948 0.103896
0 0.517045 0.049062 0.048701 0.050505