0 0.058036 0.254690 0.033279 0.066378
0 0.055195 0.054834 0.032468 0.047619
0 0.146916 0.111111 0.043831 0.067821
0 0.231737 0.277056 0.052760 0.082251
0 0.321429 0.329004 0.048701 0.067821
0 0.320211 0.144300 0.044643 0.050505
0 0.450893 0.399711 0.065747 0.082251
0 0.466721 0.128427 0.055195 0.067821
0 0.534091 0.168110 0.043831 0.063492
0 0.581981 0.455267 0.069805 0.083694
0 0.582792 0.784271 0.073052 0.098124
0 0.394481 0.670274 0.058442 0.086580
0 0.386769 0.927850 0.065747 0.111111
0 0.272727 0.906205 0.061688 0.090909
0 0.165179 0.566378 0.052760 0.077922
0 0.082792 0.745310 0.053571 0.098124
0 0.050325 0.383117 0.038961 0.077922