0 0.015016 0.043290 0.030032 0.041847
0 0.034497 0.139971 0.034903 0.044733
0 0.140422 0.108225 0.035714 0.064935
0 0.076299 0.212843 0.038961 0.054834
0 0.051948 0.343434 0.037338 0.059163
0 0.034903 0.494228 0.040584 0.072150
0 0.148945 0.325397 0.041396 0.077922
0 0.230114 0.140693 0.047890 0.060606
0 0.358360 0.212843 0.044643 0.063492
0 0.449675 0.216450 0.055195 0.059163
0 0.536932 0.212121 0.054383 0.056277
0 0.598620 0.228716 0.054383 0.066378
0 0.612419 0.493506 0.062500 0.088023
0 0.697240 0.774170 0.058442 0.086580
0 0.547890 0.862915 0.055195 0.090909
0 0.387175 0.916306 0.063312 0.113997
0 0.300731 0.930736 0.056006 0.093795
0 0.241071 0.425685 0.053571 0.064935
0 0.095779 0.816739 0.040584 0.093795