0 0.100244 0.159452 0.036526 0.043290
0 0.056412 0.044012 0.031656 0.043290
0 0.014205 0.121934 0.025162 0.040404
0 0.067370 0.223665 0.035714 0.050505
0 0.030438 0.282107 0.033279 0.054834
0 0.111201 0.300866 0.040584 0.060606
0 0.160308 0.296537 0.044643 0.072150
0 0.196834 0.215007 0.041396 0.059163
0 0.316964 0.178932 0.044643 0.059163
0 0.324675 0.256854 0.048701 0.070707
0 0.445617 0.292929 0.053571 0.059163
0 0.492695 0.253968 0.047078 0.056277
0 0.616883 0.391053 0.051948 0.070707
0 0.441153 0.457431 0.062500 0.093795
0 0.556412 0.665224 0.065747 0.070707
0 0.663555 0.868687 0.062500 0.099567
0 0.732955 0.877345 0.060065 0.070707
0 0.359984 0.752525 0.060877 0.098124
0 0.303571 0.437951 0.055195 0.063492
0 0.214692 0.536075 0.049513 0.072150
0 0.066964 0.492785 0.039773 0.063492
0 0.027597 0.572872 0.042208 0.053391
0 0.178166 0.700577 0.046266 0.072150
0 0.312094 0.901154 0.057630 0.098124
0 0.118912 0.823232 0.044643 0.086580