0 0.016234 0.181097 0.032468 0.060606
0 0.081575 0.181818 0.039773 0.050505
0 0.145292 0.106782 0.040584 0.059163
0 0.232549 0.273449 0.051136 0.080808
0 0.127435 0.356421 0.034091 0.067821
0 0.161120 0.613997 0.049513 0.095238
0 0.087256 0.751082 0.036526 0.083694
0 0.260552 0.954906 0.051948 0.090188
0 0.391640 0.924964 0.060877 0.099567
0 0.416802 0.722222 0.056006 0.080808
0 0.415990 0.405483 0.056006 0.053391
0 0.556006 0.551948 0.063312 0.075036
0 0.620942 0.580808 0.048701 0.075036
0 0.619724 0.955628 0.068994 0.088744
0 0.599026 0.240981 0.055195 0.059163
0 0.450487 0.165945 0.043831 0.064935