0 0.120942 0.086580 0.034091 0.050505
0 0.207792 0.064214 0.037338 0.049062
0 0.308442 0.058442 0.035714 0.060606
0 0.390016 0.104618 0.044643 0.054834
0 0.457386 0.170996 0.052760 0.063492
0 0.505682 0.070707 0.047078 0.056277
0 0.603896 0.267677 0.047078 0.051948
0 0.428977 0.429293 0.054383 0.077922
0 0.556006 0.455988 0.055195 0.070707
0 0.671266 0.652958 0.055195 0.080808
0 0.539367 0.756133 0.068994 0.079365
0 0.408279 0.624820 0.063312 0.082251
0 0.329545 0.319625 0.045455 0.066378
0 0.166396 0.285714 0.047078 0.059163
0 0.235390 0.274170 0.045455 0.062049
0 0.221591 0.555556 0.048701 0.076479
0 0.318588 0.523810 0.051136 0.085137
0 0.190341 0.938672 0.052760 0.101010
0 0.371347 0.931457 0.059253 0.101010
0 0.657468 0.893218 0.058442 0.082251