0 0.143263 0.108225 0.043019 0.073593
0 0.025162 0.180375 0.034091 0.059163
0 0.230519 0.277778 0.055195 0.089466
0 0.252029 0.186147 0.044643 0.073593
0 0.337256 0.414863 0.057630 0.077922
0 0.397727 0.131313 0.058442 0.070707
0 0.100649 0.420635 0.037338 0.063492
0 0.039367 0.521645 0.039773 0.072150
0 0.189529 0.690476 0.052760 0.080808
0 0.124188 0.859307 0.047078 0.092352
0 0.386364 0.924242 0.066558 0.106782
0 0.468344 0.771284 0.063312 0.098124
0 0.517857 0.455267 0.064935 0.080808
0 0.525974 0.191919 0.056818 0.073593
0 0.250406 0.062771 0.043019 0.063492