0 0.071023 0.179654 0.036526 0.049062
0 0.172078 0.147186 0.042208 0.053391
0 0.292614 0.181097 0.043019 0.057720
0 0.367695 0.157287 0.047078 0.067821
0 0.458604 0.169553 0.048701 0.060606
0 0.530844 0.112554 0.042208 0.076479
0 0.609984 0.238095 0.046266 0.056277
0 0.443994 0.398990 0.050325 0.072150
0 0.403409 0.461039 0.051948 0.086580
0 0.600244 0.570707 0.052760 0.072150
0 0.548295 0.663781 0.057630 0.070707
0 0.405438 0.736652 0.065747 0.083694
0 0.526786 0.839105 0.069805 0.112554
0 0.719156 0.834055 0.061688 0.082251
0 0.331169 0.883838 0.056818 0.098124
0 0.170049 0.590188 0.046266 0.079365
0 0.231331 0.568543 0.050325 0.088023
0 0.265422 0.422078 0.048701 0.077922
0 0.163149 0.318903 0.040584 0.050505
0 0.033685 0.292208 0.033279 0.051948
0 0.097403 0.403319 0.043831 0.054834
0 0.050325 0.489899 0.040584 0.054834
0 0.129870 0.748918 0.043831 0.085137
0 0.113231 0.833333 0.043019 0.075036