0 0.112013 0.018759 0.034091 0.027417
0 0.055601 0.070707 0.028409 0.030303
0 0.013393 0.061328 0.026786 0.034632
0 0.097403 0.270563 0.034091 0.066378
0 0.053166 0.371573 0.038149 0.060606
0 0.017857 0.524531 0.035714 0.066378
0 0.136769 0.445887 0.043019 0.082251
0 0.177354 0.287879 0.041396 0.063492
0 0.153815 0.113276 0.038149 0.060606
0 0.229302 0.072872 0.039773 0.046176
0 0.302760 0.213564 0.045455 0.073593
0 0.400974 0.102453 0.045455 0.067821
0 0.471185 0.049784 0.056006 0.060606
0 0.556006 0.082973 0.042208 0.060606
0 0.669643 0.193362 0.038961 0.064935
0 0.728896 0.294372 0.040584 0.059163
0 0.579951 0.300144 0.054383 0.070707
0 0.485390 0.336941 0.058442 0.072150
0 0.557224 0.669553 0.059253 0.082251
0 0.678166 0.699856 0.060877 0.076479
0 0.771104 0.774892 0.053571 0.079365
0 0.430601 0.664502 0.067370 0.092352
0 0.279627 0.391053 0.049513 0.067821
0 0.268669 0.640693 0.056818 0.088023
0 0.405032 0.877345 0.061688 0.096681
0 0.233360 0.799423 0.052760 0.085137
0 0.066153 0.773449 0.039773 0.082251