0 0.072646 0.205628 0.038149 0.060606
0 0.019481 0.108947 0.032468 0.051948
0 0.107143 0.049784 0.030844 0.046176
0 0.202110 0.078644 0.038961 0.049062
0 0.254058 0.077922 0.040584 0.056277
0 0.144075 0.248196 0.043019 0.067821
0 0.101461 0.418470 0.043831 0.073593
0 0.026380 0.677489 0.041396 0.089466
0 0.160714 0.898268 0.053571 0.089466
0 0.195211 0.696248 0.041396 0.086580
0 0.217532 0.532468 0.043831 0.070707
0 0.310065 0.675325 0.053571 0.090909
0 0.374594 0.625541 0.054383 0.069264
0 0.417614 0.475469 0.041396 0.075036
0 0.280438 0.293651 0.044643 0.075036
0 0.247565 0.390332 0.050325 0.069264
0 0.351461 0.137807 0.043831 0.077922
0 0.491071 0.251082 0.060065 0.085137
0 0.587662 0.233766 0.053571 0.088023
0 0.569805 0.067100 0.043831 0.057720
0 0.643669 0.145022 0.045455 0.057720
0 0.717127 0.220058 0.049513 0.051948
0 0.668019 0.458874 0.055195 0.079365
0 0.743506 0.544012 0.060065 0.082251
0 0.557630 0.523088 0.063312 0.089466
0 0.624594 0.870851 0.073864 0.121212
0 0.728490 0.948773 0.057630 0.089466
0 0.509740 0.950577 0.074675 0.098846