1 0.161120 0.221501 0.041396 0.073593
0 0.055601 0.133478 0.031656 0.056277
0 0.087662 0.069986 0.029221 0.056277
0 0.174107 0.037518 0.030032 0.049062
0 0.236201 0.225830 0.042208 0.064935
0 0.307224 0.458874 0.056006 0.069264
0 0.458198 0.303752 0.052760 0.070707
0 0.493506 0.199134 0.040584 0.060606
0 0.523945 0.362915 0.064123 0.073593
0 0.621347 0.398268 0.051136 0.060606
0 0.716315 0.779221 0.054383 0.077922
0 0.601055 0.766234 0.060877 0.083694
0 0.503247 0.675325 0.053571 0.080808
0 0.411526 0.644300 0.063312 0.079365
0 0.212256 0.478355 0.047890 0.073593
0 0.293019 0.899711 0.056818 0.079365