0 0.050731 0.126984 0.031656 0.044733
0 0.119318 0.118326 0.038961 0.050505
0 0.215097 0.175325 0.048701 0.057720
0 0.350244 0.130592 0.056006 0.066378
0 0.497565 0.239538 0.053571 0.067821
0 0.581981 0.086580 0.042208 0.056277
0 0.692370 0.052670 0.038961 0.054834
0 0.670860 0.242424 0.046266 0.064935
0 0.582792 0.226551 0.053571 0.082251
0 0.749594 0.316017 0.049513 0.067821
0 0.551136 0.517316 0.069805 0.106782
0 0.651380 0.639250 0.060877 0.082251
0 0.720779 0.701299 0.058442 0.079365
0 0.451299 0.673882 0.066558 0.079365
0 0.345373 0.284993 0.043019 0.072150
0 0.194399 0.253968 0.041396 0.064935
0 0.301136 0.409812 0.043831 0.079365
0 0.244318 0.477633 0.048701 0.085137
0 0.165584 0.342713 0.037338 0.057720
0 0.058847 0.296537 0.039773 0.051948
0 0.116477 0.514430 0.043019 0.077922
0 0.085227 0.759740 0.050325 0.086580
0 0.260958 0.826118 0.052760 0.086580
0 0.349838 0.739538 0.060065 0.083694