1 0.131899 0.126263 0.038149 0.064935
0 0.020292 0.101732 0.027597 0.051948
0 0.204951 0.121934 0.039773 0.054834
0 0.282062 0.314574 0.051136 0.064935
0 0.193588 0.326840 0.043019 0.063492
0 0.397321 0.398990 0.054383 0.069264
0 0.408279 0.176768 0.048701 0.060606
0 0.443588 0.082251 0.044643 0.053391
0 0.570211 0.189755 0.047890 0.057720
0 0.477273 0.209957 0.055195 0.069264
0 0.466315 0.445887 0.056006 0.076479
0 0.542614 0.564214 0.059253 0.085137
0 0.627029 0.532468 0.054383 0.076479
0 0.244318 0.702742 0.053571 0.073593
0 0.371753 0.814574 0.060065 0.092352
0 0.508117 0.838384 0.061688 0.090909
0 0.723214 0.919192 0.058442 0.088023