0 0.349026 0.128427 0.051948 0.064935
0 0.243912 0.026335 0.036526 0.052670
0 0.059659 0.139971 0.034903 0.041847
0 0.128247 0.147908 0.038961 0.051948
0 0.229708 0.199134 0.045455 0.076479
0 0.202516 0.278499 0.047890 0.062049
0 0.174919 0.390332 0.039773 0.072150
0 0.064123 0.318182 0.035714 0.066378
0 0.141234 0.551227 0.038961 0.079365
0 0.271104 0.517316 0.047078 0.080808
0 0.323052 0.454545 0.051948 0.085137
0 0.359578 0.328283 0.037338 0.063492
0 0.497565 0.241703 0.055195 0.077922
0 0.583198 0.075758 0.043019 0.063492
0 0.585633 0.234488 0.056006 0.089466
0 0.676948 0.291486 0.053571 0.070707
0 0.750406 0.378066 0.052760 0.067821
0 0.702516 0.084416 0.049513 0.054834
0 0.625406 0.024170 0.039773 0.048340
0 0.552354 0.514430 0.067370 0.089466
0 0.466721 0.733045 0.073052 0.082251
0 0.368101 0.781385 0.062500 0.083694
0 0.269481 0.904762 0.055195 0.088023
0 0.099026 0.797980 0.048701 0.085137
0 0.645698 0.690476 0.064123 0.083694
0 0.709821 0.761905 0.065747 0.070707