0 0.023133 0.178211 0.030032 0.043290
0 0.049513 0.066378 0.030844 0.038961
0 0.081981 0.167388 0.035714 0.047619
0 0.121753 0.151515 0.042208 0.053391
0 0.219968 0.027417 0.042208 0.041847
0 0.371753 0.152958 0.048701 0.047619
0 0.412338 0.176046 0.053571 0.059163
0 0.448864 0.025613 0.040584 0.051226
0 0.508117 0.097403 0.047078 0.051948
0 0.639610 0.181097 0.051948 0.057720
0 0.606331 0.297980 0.045455 0.072150
0 0.498377 0.236652 0.061688 0.062049
0 0.385958 0.426407 0.051136 0.075036
0 0.278409 0.329726 0.047078 0.072150
0 0.188718 0.277056 0.046266 0.059163
0 0.029221 0.378788 0.038961 0.069264
0 0.168831 0.461760 0.042208 0.070707
0 0.263393 0.577922 0.049513 0.089466
0 0.405844 0.733045 0.058442 0.088023
0 0.521510 0.643579 0.065747 0.082251
0 0.612419 0.626263 0.075487 0.082251
0 0.714286 0.538961 0.047078 0.066378
0 0.781656 0.735931 0.051948 0.088023
0 0.220779 0.740981 0.053571 0.089466
0 0.114042 0.586580 0.041396 0.075036
0 0.073052 0.748196 0.042208 0.075036