0 0.078328 0.211400 0.038149 0.054834
0 0.036526 0.150072 0.037338 0.050505
0 0.141640 0.106782 0.034903 0.064935
0 0.232143 0.165945 0.043831 0.062049
0 0.448052 0.027778 0.047078 0.055556
0 0.463068 0.246032 0.056006 0.063492
0 0.367289 0.243146 0.047890 0.063492
0 0.551948 0.262626 0.051948 0.053391
0 0.604708 0.283550 0.056818 0.060606
0 0.625406 0.534632 0.065747 0.101010
0 0.241477 0.458153 0.056006 0.080808
0 0.147727 0.325397 0.035714 0.075036
0 0.049107 0.343434 0.033279 0.064935
0 0.037744 0.515873 0.041396 0.069264
0 0.113636 0.844156 0.042208 0.090909
0 0.382711 0.922799 0.060877 0.124098
0 0.569805 0.918470 0.058442 0.089466
0 0.701705 0.847042 0.062500 0.088023