0 0.202922 0.142857 0.040584 0.059163
0 0.107143 0.022367 0.032468 0.034632
0 0.147727 0.168831 0.047078 0.050505
0 0.281250 0.184704 0.043019 0.053391
0 0.374188 0.249639 0.048701 0.067821
0 0.523133 0.271284 0.056006 0.064935
0 0.563718 0.116162 0.043019 0.063492
0 0.449269 0.039683 0.047890 0.060606
0 0.606331 0.427128 0.055195 0.067821
0 0.586445 0.622655 0.064123 0.066378
0 0.498377 0.546176 0.063312 0.080808
0 0.352679 0.430736 0.052760 0.063492
0 0.724026 0.800866 0.051948 0.088023
0 0.403003 0.771284 0.057630 0.072150
0 0.304383 0.673882 0.056818 0.085137
0 0.258117 0.342713 0.045455 0.066378
0 0.196429 0.384560 0.042208 0.066378
0 0.127435 0.677489 0.050325 0.069264
0 0.268669 0.873016 0.051948 0.096681