1 0.101055 0.036075 0.038149 0.060606
0 0.151786 0.197691 0.035714 0.067821
0 0.174513 0.028139 0.034091 0.049062
0 0.233766 0.176768 0.043831 0.060606
0 0.351461 0.202020 0.045455 0.067821
0 0.418831 0.244589 0.045455 0.066378
0 0.487419 0.342713 0.049513 0.072150
0 0.549107 0.282107 0.052760 0.063492
0 0.435471 0.070707 0.049513 0.059163
0 0.401786 0.538961 0.053571 0.077922
0 0.298295 0.491342 0.047890 0.075036
0 0.191153 0.468975 0.044643 0.079365
0 0.666802 0.558442 0.054383 0.079365
0 0.518669 0.699134 0.055195 0.089466
0 0.644481 0.815296 0.063312 0.108225
0 0.507305 0.896825 0.071429 0.118326
0 0.403003 0.786436 0.059253 0.090909
0 0.257305 0.827561 0.056818 0.086580