0 0.081575 0.267677 0.038149 0.051948
0 0.122971 0.271284 0.039773 0.067821
0 0.193588 0.220058 0.043019 0.066378
0 0.318588 0.235931 0.043019 0.057720
0 0.469562 0.101010 0.049513 0.056277
0 0.382711 0.054113 0.044643 0.057720
0 0.209010 0.046176 0.039773 0.050505
0 0.079951 0.025613 0.031656 0.051226
0 0.132305 0.112554 0.034091 0.047619
0 0.286932 0.519481 0.052760 0.070707
0 0.152192 0.543290 0.041396 0.077922
0 0.255276 0.811688 0.059253 0.086580
0 0.116477 0.786436 0.046266 0.070707
0 0.333604 0.838384 0.058442 0.082251
0 0.401786 0.634199 0.053571 0.080808
0 0.525162 0.688312 0.061688 0.079365
0 0.611607 0.502886 0.060877 0.072150
0 0.502841 0.274892 0.052760 0.069264
0 0.562906 0.186869 0.049513 0.054834
0 0.445617 0.241703 0.045455 0.066378
0 0.614448 0.804473 0.066558 0.112554