0 0.012987 0.072150 0.024351 0.033189
0 0.052354 0.080087 0.030032 0.046176
0 0.111201 0.033189 0.037338 0.036075
0 0.159903 0.119769 0.042208 0.056277
0 0.229302 0.093074 0.043019 0.054834
0 0.312500 0.229437 0.047078 0.070707
0 0.402597 0.100289 0.045455 0.069264
0 0.469968 0.062049 0.056818 0.059163
0 0.559659 0.100289 0.043019 0.069264
0 0.670455 0.217172 0.042208 0.066378
0 0.737013 0.324675 0.047078 0.073593
0 0.581169 0.323954 0.058442 0.077922
0 0.487013 0.350649 0.058442 0.064935
0 0.288555 0.419192 0.051136 0.069264
0 0.183036 0.306638 0.043019 0.072150
0 0.101867 0.281385 0.034903 0.064935
0 0.143669 0.457431 0.045455 0.073593
0 0.053571 0.390332 0.034091 0.060606
0 0.022321 0.541126 0.036526 0.073593
0 0.278003 0.673882 0.057630 0.090909
0 0.442776 0.694084 0.067370 0.090909
0 0.560877 0.698413 0.055195 0.073593
0 0.679383 0.739538 0.060065 0.077922
0 0.768669 0.810967 0.053571 0.073593
0 0.416396 0.910534 0.064935 0.105339
0 0.241477 0.825397 0.052760 0.082251
0 0.073052 0.795094 0.042208 0.079365