0 0.026786 0.365801 0.038961 0.069264
0 0.021510 0.168110 0.030032 0.049062
0 0.077922 0.157287 0.037338 0.041847
0 0.120130 0.134199 0.038961 0.047619
0 0.374188 0.126984 0.048701 0.044733
0 0.411526 0.158730 0.050325 0.062049
0 0.502435 0.080808 0.047078 0.056277
0 0.494318 0.217893 0.061688 0.062049
0 0.599432 0.270563 0.047890 0.069264
0 0.632305 0.163781 0.051948 0.063492
0 0.711445 0.500000 0.041396 0.069264
0 0.777597 0.689033 0.051948 0.080808
0 0.607955 0.593074 0.073052 0.085137
0 0.520292 0.603896 0.064935 0.077922
0 0.377435 0.402597 0.051948 0.070707
0 0.390828 0.696248 0.057630 0.089466
0 0.256494 0.544733 0.047078 0.089466
0 0.266640 0.303752 0.047890 0.069264
0 0.185471 0.259740 0.047890 0.062049
0 0.163149 0.441558 0.040584 0.070707
0 0.109578 0.566378 0.035714 0.072150
0 0.215097 0.705628 0.048701 0.099567
0 0.068994 0.725830 0.042208 0.076479