0 0.123782 0.062771 0.033279 0.037518
0 0.188718 0.054834 0.038149 0.053391
0 0.289367 0.051948 0.033279 0.062049
0 0.383117 0.077201 0.043831 0.054834
0 0.455763 0.134921 0.054383 0.066378
0 0.499188 0.036436 0.051948 0.072872
0 0.595779 0.218615 0.047078 0.063492
0 0.545860 0.396825 0.056006 0.070707
0 0.640828 0.580087 0.052760 0.079365
0 0.409497 0.373737 0.052760 0.064935
0 0.313718 0.275613 0.046266 0.064935
0 0.219562 0.240981 0.041396 0.064935
0 0.161120 0.247475 0.047890 0.066378
0 0.217938 0.500722 0.049513 0.079365
0 0.294237 0.469697 0.051136 0.077922
0 0.392857 0.567100 0.061688 0.082251
0 0.526380 0.703463 0.065747 0.080808
0 0.642857 0.818182 0.055195 0.088023
0 0.344156 0.848485 0.058442 0.088023
0 0.166802 0.856421 0.051136 0.083694