0 0.375812 0.108947 0.047078 0.057720
0 0.144886 0.105339 0.038149 0.062049
0 0.064529 0.104618 0.034903 0.040404
0 0.085227 0.305195 0.032468 0.060606
0 0.231331 0.277056 0.051948 0.076479
0 0.372159 0.246753 0.039773 0.062049
0 0.504870 0.280664 0.058442 0.063492
0 0.566964 0.311688 0.046266 0.070707
0 0.564935 0.081530 0.048701 0.051948
0 0.512581 0.639971 0.064123 0.086580
0 0.362419 0.474026 0.054383 0.063492
0 0.092938 0.477633 0.043019 0.076479
0 0.036932 0.621212 0.034903 0.066378
0 0.208604 0.748196 0.050325 0.086580
0 0.140016 0.922799 0.047890 0.083694
0 0.382305 0.921356 0.056818 0.092352
0 0.495130 0.859307 0.047078 0.092352
0 0.639610 0.695527 0.063312 0.079365