0 0.231737 0.277778 0.051136 0.075036
0 0.144481 0.110390 0.035714 0.063492
0 0.068588 0.087302 0.030032 0.043290
0 0.084010 0.293651 0.031656 0.057720
0 0.089286 0.446609 0.040584 0.072150
0 0.032873 0.585859 0.039773 0.062049
0 0.191964 0.703463 0.051136 0.072150
0 0.117695 0.878788 0.047078 0.093795
0 0.382711 0.924242 0.059253 0.098124
0 0.475649 0.797258 0.056818 0.092352
0 0.494318 0.575036 0.064935 0.089466
0 0.354708 0.423521 0.051948 0.063492
0 0.490260 0.243146 0.055195 0.063492
0 0.562500 0.264069 0.042208 0.062049
0 0.566964 0.041847 0.049513 0.044733
0 0.365260 0.082251 0.042208 0.053391
0 0.359172 0.216450 0.039773 0.062049
0 0.628653 0.626984 0.062500 0.075036