0 0.030844 0.222222 0.030844 0.056277
0 0.037744 0.047619 0.028409 0.036075
0 0.109172 0.036797 0.031656 0.034632
0 0.164773 0.158730 0.043831 0.053391
0 0.132305 0.223665 0.032468 0.047619
0 0.248782 0.282107 0.043019 0.066378
0 0.297078 0.145743 0.038961 0.056277
0 0.357955 0.121934 0.061688 0.054834
0 0.503653 0.242424 0.044643 0.073593
0 0.587256 0.230159 0.051136 0.080808
0 0.562906 0.055556 0.041396 0.051948
0 0.641234 0.110390 0.038961 0.051948
0 0.728084 0.163781 0.042208 0.054834
0 0.763799 0.492063 0.053571 0.073593
0 0.661932 0.378066 0.060877 0.073593
0 0.555601 0.519481 0.065747 0.096681
0 0.398945 0.479798 0.060877 0.075036
0 0.174107 0.375180 0.039773 0.073593
0 0.076299 0.396104 0.035714 0.066378
0 0.041802 0.592352 0.044643 0.072150
0 0.217938 0.585859 0.043019 0.076479
0 0.299513 0.550505 0.055195 0.066378
0 0.437500 0.818903 0.053571 0.080808
0 0.512987 0.809524 0.060065 0.131313
0 0.702922 0.863636 0.061688 0.092352
0 0.795049 0.952020 0.052760 0.095960
0 0.319805 0.868687 0.058442 0.093795
0 0.258523 0.952020 0.051136 0.095960
0 0.123782 0.852092 0.046266 0.086580