0 0.082386 0.083694 0.033279 0.047619
0 0.140422 0.192641 0.034091 0.054834
0 0.171266 0.041847 0.034091 0.047619
0 0.224838 0.103175 0.040584 0.051948
0 0.289773 0.077201 0.037338 0.051948
0 0.403003 0.109668 0.043019 0.050505
0 0.491883 0.191198 0.050325 0.063492
0 0.598214 0.292208 0.047078 0.057720
0 0.521104 0.389610 0.050325 0.053391
0 0.339286 0.347042 0.051948 0.060606
0 0.224026 0.316017 0.045455 0.073593
0 0.146104 0.371573 0.040584 0.072150
0 0.093750 0.367965 0.036526 0.062049
0 0.325487 0.655844 0.056818 0.072150
0 0.476461 0.332612 0.050325 0.072150
0 0.438718 0.810245 0.060877 0.089466
0 0.667614 0.660173 0.057630 0.083694
0 0.201299 0.689755 0.050325 0.085137
0 0.316558 0.939755 0.064935 0.120490
0 0.153409 0.958874 0.045455 0.069264
0 0.573052 0.943001 0.061688 0.101010