0 0.043019 0.209957 0.035714 0.075036
0 0.037338 0.025613 0.037338 0.051226
0 0.144886 0.106782 0.046266 0.076479
0 0.228490 0.278499 0.056006 0.093795
0 0.284903 0.257576 0.045455 0.080808
0 0.298295 0.109668 0.043019 0.062049
0 0.416802 0.254690 0.057630 0.075036
0 0.438718 0.045455 0.047890 0.060606
0 0.502841 0.068543 0.044643 0.066378
0 0.553571 0.322511 0.063312 0.066378
0 0.563312 0.602453 0.064935 0.080808
0 0.357955 0.526696 0.058442 0.076479
0 0.137987 0.474026 0.042208 0.072150
0 0.058036 0.615440 0.049513 0.080808
0 0.247565 0.769841 0.060065 0.089466
0 0.384740 0.928571 0.064935 0.118326
0 0.538961 0.923521 0.066558 0.122655
0 0.032468 0.305195 0.038961 0.060606