1 0.108360 0.060606 0.031656 0.060606
0 0.158685 0.217172 0.036526 0.063492
0 0.176948 0.046898 0.038961 0.051948
0 0.235390 0.224387 0.042208 0.066378
0 0.376218 0.051948 0.049513 0.056277
0 0.356737 0.243146 0.043019 0.072150
0 0.430195 0.284271 0.047078 0.064935
0 0.441153 0.092352 0.051136 0.067821
0 0.517451 0.041847 0.041396 0.059163
0 0.564529 0.323954 0.054383 0.066378
0 0.495942 0.392496 0.053571 0.082251
0 0.681818 0.630592 0.053571 0.070707
0 0.553166 0.781385 0.060877 0.103896
0 0.423295 0.601010 0.057630 0.083694
0 0.319399 0.548341 0.052760 0.079365
0 0.200893 0.504329 0.051136 0.075036
0 0.279221 0.895382 0.055195 0.086580
0 0.417208 0.857143 0.061688 0.088023
0 0.540584 0.941198 0.074675 0.117604
0 0.679383 0.894661 0.061688 0.108225