0 0.035714 0.036075 0.027597 0.036075
0 0.108766 0.027417 0.030844 0.038961
0 0.165990 0.142136 0.039773 0.054834
0 0.128653 0.210678 0.031656 0.047619
0 0.028003 0.213564 0.033279 0.053391
0 0.073052 0.378788 0.035714 0.060606
0 0.169237 0.366522 0.043019 0.073593
0 0.241477 0.262626 0.041396 0.067821
0 0.292208 0.130592 0.038961 0.054834
0 0.358360 0.120491 0.059253 0.051948
0 0.502029 0.243867 0.049513 0.073593
0 0.587662 0.228716 0.051948 0.086580
0 0.656656 0.342713 0.055195 0.072150
0 0.641640 0.095960 0.043019 0.054834
0 0.724026 0.149351 0.043831 0.060606
0 0.769886 0.467532 0.052760 0.073593
0 0.554383 0.517316 0.063312 0.095238
0 0.392857 0.455988 0.058442 0.076479
0 0.499188 0.784271 0.060065 0.129870
0 0.290990 0.523088 0.051136 0.066378
0 0.206575 0.561328 0.041396 0.073593
0 0.035308 0.570707 0.039773 0.063492
0 0.116071 0.823232 0.043831 0.075036
0 0.242289 0.927850 0.054383 0.102453
0 0.309659 0.841991 0.057630 0.092352
0 0.426136 0.790043 0.053571 0.086580
0 0.698458 0.829004 0.065747 0.080808
0 0.791802 0.917027 0.056006 0.080808
0 0.560877 0.048341 0.040584 0.051948