0 0.094968 0.127706 0.030844 0.051948
0 0.179383 0.073593 0.037338 0.053391
0 0.229302 0.144300 0.044643 0.062049
0 0.317370 0.097403 0.038961 0.051948
0 0.416396 0.155123 0.045455 0.054834
0 0.509334 0.249639 0.051136 0.059163
0 0.530438 0.096681 0.038149 0.047619
0 0.622971 0.358586 0.049513 0.066378
0 0.558847 0.475469 0.056006 0.069264
0 0.487419 0.407648 0.054383 0.080808
0 0.688718 0.756854 0.060877 0.080808
0 0.348620 0.743867 0.059253 0.072150
0 0.477273 0.919913 0.060065 0.109668
0 0.363636 0.407648 0.051948 0.066378
0 0.152597 0.248918 0.040584 0.060606
0 0.258117 0.373016 0.050325 0.080808
0 0.168019 0.436508 0.045455 0.080808
0 0.113636 0.438672 0.040584 0.070707
0 0.236607 0.794372 0.056006 0.092352