0 0.142857 0.106061 0.035714 0.063492
0 0.037744 0.077201 0.033279 0.040404
0 0.077110 0.215729 0.038961 0.054834
0 0.053571 0.352814 0.038961 0.066378
0 0.018263 0.420635 0.036526 0.066378
0 0.147727 0.326840 0.042208 0.072150
0 0.246753 0.333333 0.055195 0.070707
0 0.232143 0.097403 0.040584 0.054834
0 0.353084 0.108225 0.047078 0.053391
0 0.424919 0.106061 0.051136 0.043290
0 0.512987 0.091631 0.051948 0.043290
0 0.564123 0.103896 0.050325 0.047619
0 0.559659 0.382395 0.056006 0.076479
0 0.682224 0.564935 0.057630 0.069264
0 0.489854 0.734488 0.054383 0.088023
0 0.391640 0.910534 0.060877 0.119769
0 0.264610 0.761183 0.058442 0.095238
0 0.059253 0.715729 0.037338 0.085137