0 0.020292 0.148629 0.027597 0.047619
0 0.059253 0.065657 0.035714 0.046176
0 0.148945 0.038240 0.036526 0.043290
0 0.246753 0.036075 0.037338 0.059163
0 0.331981 0.219336 0.040584 0.062049
0 0.335227 0.291486 0.053571 0.076479
0 0.207792 0.243867 0.042208 0.067821
0 0.114854 0.174603 0.038149 0.044733
0 0.073458 0.238817 0.038149 0.049062
0 0.034497 0.312410 0.038149 0.040404
0 0.119724 0.344877 0.043019 0.067821
0 0.170860 0.339827 0.044643 0.075036
0 0.320617 0.481962 0.056818 0.073593
0 0.449269 0.503608 0.065747 0.093795
0 0.461851 0.344156 0.055195 0.057720
0 0.513393 0.295815 0.049513 0.062049
0 0.630682 0.462482 0.055195 0.066378
0 0.573864 0.748918 0.066558 0.076479
0 0.671672 0.914141 0.065747 0.089466
0 0.375000 0.818903 0.068182 0.080808
0 0.234172 0.586580 0.051136 0.069264
0 0.076299 0.536797 0.043831 0.070707
0 0.036526 0.626984 0.035714 0.054834
0 0.135958 0.875902 0.049513 0.090909
0 0.209416 0.773449 0.048701 0.070707