0 0.114448 0.101010 0.038961 0.053391
0 0.044237 0.108947 0.033279 0.054834
0 0.048701 0.272727 0.037338 0.070707
0 0.159497 0.301587 0.038149 0.056277
0 0.187094 0.235931 0.039773 0.060606
0 0.212662 0.144300 0.045455 0.062049
0 0.353490 0.133478 0.054383 0.063492
0 0.322240 0.252525 0.032468 0.064935
0 0.502435 0.238817 0.051948 0.075036
0 0.586039 0.227994 0.055195 0.067821
0 0.582386 0.088745 0.044643 0.049062
0 0.666802 0.206349 0.044643 0.067821
0 0.747565 0.262626 0.050325 0.064935
0 0.657468 0.562771 0.064935 0.070707
0 0.727679 0.631313 0.057630 0.075036
0 0.551948 0.516595 0.066558 0.105339
0 0.572240 0.916306 0.066558 0.131313
0 0.443588 0.613997 0.060877 0.077922
0 0.282873 0.375180 0.049513 0.076479
0 0.218750 0.445166 0.047890 0.080808
0 0.102273 0.481962 0.035714 0.067821
0 0.245942 0.749639 0.050325 0.086580
0 0.331169 0.686869 0.061688 0.079365
0 0.066964 0.713564 0.052760 0.080808