0 0.139205 0.103175 0.041396 0.057720
0 0.184253 0.080808 0.035714 0.053391
0 0.250406 0.109668 0.038149 0.053391
0 0.330357 0.163781 0.040584 0.057720
0 0.503653 0.182540 0.049513 0.063492
0 0.236607 0.250361 0.043019 0.060606
0 0.587662 0.306638 0.053571 0.060606
0 0.464692 0.404762 0.057630 0.072150
0 0.545860 0.466089 0.060877 0.070707
0 0.672078 0.651515 0.053571 0.072150
0 0.313718 0.335498 0.049513 0.054834
0 0.175325 0.269120 0.040584 0.054834
0 0.109578 0.515152 0.047078 0.070707
0 0.266234 0.510101 0.051948 0.075036
0 0.355519 0.603896 0.050325 0.083694
0 0.571834 0.800866 0.054383 0.093795
0 0.235795 0.689755 0.051136 0.090909
0 0.083604 0.787879 0.043831 0.096681
0 0.356331 0.911977 0.051948 0.088023
0 0.493912 0.822511 0.060877 0.082251