0 0.030438 0.147186 0.033279 0.050505
0 0.015422 0.481241 0.030844 0.066378
0 0.080763 0.261183 0.038149 0.062049
0 0.114854 0.099567 0.036526 0.047619
0 0.208604 0.142857 0.042208 0.059163
0 0.278409 0.085859 0.040584 0.054834
0 0.355519 0.136364 0.042208 0.069264
0 0.491071 0.259019 0.060065 0.077922
0 0.558847 0.061328 0.049513 0.060606
0 0.585633 0.230880 0.056006 0.088023
0 0.665179 0.237374 0.051136 0.063492
0 0.736607 0.318903 0.047890 0.059163
0 0.709416 0.663059 0.060065 0.086580
0 0.660308 0.582973 0.060877 0.088023
0 0.560877 0.522367 0.066558 0.082251
0 0.449269 0.588023 0.049513 0.083694
0 0.395292 0.763348 0.060065 0.082251
0 0.340097 0.822511 0.060065 0.090909
0 0.273539 0.497835 0.051948 0.079365
0 0.323864 0.343434 0.048701 0.073593
0 0.169643 0.311688 0.043831 0.067821
0 0.131494 0.476190 0.037338 0.076479
0 0.250000 0.628427 0.043831 0.080808
0 0.215909 0.779942 0.048701 0.083694
0 0.052760 0.743867 0.042208 0.095238