0 0.036932 0.155844 0.034903 0.041847
0 0.077516 0.209235 0.036526 0.056277
0 0.142045 0.103896 0.035714 0.064935
0 0.233766 0.173882 0.048701 0.066378
0 0.370536 0.259019 0.047890 0.066378
0 0.466315 0.260462 0.059253 0.063492
0 0.450893 0.045455 0.047890 0.060606
0 0.556818 0.287879 0.053571 0.063492
0 0.612825 0.310245 0.061688 0.062049
0 0.627435 0.552670 0.064935 0.108225
0 0.706981 0.885281 0.063312 0.086580
0 0.581981 0.948773 0.055195 0.092352
0 0.383523 0.910534 0.057630 0.099567
0 0.243101 0.466089 0.056006 0.073593
0 0.145698 0.324675 0.039773 0.067821
0 0.046672 0.347763 0.034903 0.073593
0 0.040990 0.532468 0.041396 0.076479
0 0.126623 0.860029 0.043831 0.088023