0 0.057630 0.458874 0.042208 0.064935
0 0.017451 0.525253 0.033279 0.053391
0 0.165179 0.658730 0.044643 0.077922
0 0.199675 0.490620 0.050325 0.064935
0 0.295860 0.389610 0.056006 0.064935
0 0.320211 0.230880 0.046266 0.070707
0 0.308442 0.145743 0.040584 0.050505
0 0.429383 0.239538 0.048701 0.059163
0 0.484578 0.197691 0.050325 0.053391
0 0.598214 0.321068 0.050325 0.072150
0 0.432630 0.400433 0.056818 0.080808
0 0.542208 0.590909 0.066558 0.066378
0 0.647321 0.834055 0.065747 0.096681
0 0.061282 0.196970 0.036526 0.049062
0 0.046266 0.028860 0.022727 0.044733
0 0.090097 0.137085 0.027597 0.044733
0 0.151786 0.261183 0.040584 0.064935
0 0.187500 0.181097 0.040584 0.054834
0 0.104302 0.265512 0.041396 0.062049
0 0.032468 0.240260 0.030844 0.043290
0 0.333604 0.690476 0.055195 0.083694
0 0.709821 0.798701 0.056006 0.077922
0 0.504870 0.930736 0.066558 0.082251
0 0.097403 0.769120 0.043831 0.082251
0 0.278003 0.821068 0.054383 0.079365
0 0.363636 0.934343 0.064935 0.126984
0 0.206981 0.954545 0.056818 0.086580
0 0.010958 0.095238 0.021916 0.033189