1 0.232549 0.540404 0.049513 0.076479
0 0.138393 0.224387 0.039773 0.062049
0 0.170860 0.145022 0.039773 0.056277
0 0.246753 0.259019 0.038961 0.062049
0 0.303571 0.101732 0.045455 0.062049
0 0.396510 0.257576 0.052760 0.059163
0 0.499188 0.312410 0.053571 0.067821
0 0.541396 0.098846 0.043831 0.056277
0 0.628247 0.564214 0.056818 0.072150
0 0.510958 0.793651 0.070617 0.083694
0 0.358360 0.490620 0.047890 0.077922
0 0.609984 0.918470 0.062500 0.119769
0 0.277192 0.850649 0.056006 0.088023
0 0.390422 0.940837 0.061688 0.092352