0 0.134740 0.184704 0.035714 0.062049
0 0.076705 0.092352 0.033279 0.036075
0 0.054383 0.147908 0.029221 0.043290
0 0.024351 0.178932 0.029221 0.038961
0 0.169237 0.129870 0.041396 0.044733
0 0.279627 0.093795 0.038149 0.047619
0 0.319399 0.178211 0.047890 0.063492
0 0.392451 0.155123 0.043019 0.049062
0 0.474026 0.117605 0.047078 0.051948
0 0.273945 0.316739 0.049513 0.060606
0 0.429789 0.289322 0.062500 0.086580
0 0.564935 0.213564 0.043831 0.062049
0 0.525162 0.465368 0.060065 0.057720
0 0.625812 0.760462 0.060065 0.105339
0 0.665584 0.639250 0.048701 0.073593
0 0.539367 0.818182 0.064123 0.093795
0 0.442776 0.725830 0.052760 0.090909
0 0.290584 0.578644 0.056818 0.085137
0 0.177760 0.398990 0.047078 0.060606
0 0.090097 0.212121 0.038961 0.053391
0 0.049513 0.379509 0.037338 0.056277
0 0.142451 0.584416 0.041396 0.070707
0 0.234984 0.708514 0.052760 0.085137
0 0.059253 0.673160 0.038961 0.077922
0 0.167208 0.843434 0.045455 0.077922
0 0.314123 0.800866 0.063312 0.093795