0 0.037744 0.114719 0.031656 0.037518
0 0.014610 0.128427 0.021104 0.033189
0 0.114042 0.124098 0.038149 0.053391
0 0.082792 0.177489 0.040584 0.053391
0 0.034903 0.315296 0.037338 0.051948
0 0.157873 0.329004 0.047890 0.056277
0 0.259334 0.247475 0.051136 0.057720
0 0.162744 0.085137 0.036526 0.050505
0 0.269075 0.044733 0.034903 0.047619
0 0.315747 0.166667 0.048701 0.060606
0 0.374188 0.067821 0.040584 0.050505
0 0.440341 0.064935 0.038149 0.047619
0 0.533279 0.128427 0.042208 0.059163
0 0.431412 0.199856 0.057630 0.063492
0 0.503653 0.357864 0.060877 0.059163
0 0.628653 0.486291 0.049513 0.062049
0 0.607955 0.642136 0.068182 0.085137
0 0.480519 0.621212 0.055195 0.077922
0 0.387581 0.551948 0.056006 0.077922
0 0.260146 0.476912 0.051136 0.083694
0 0.200893 0.607504 0.051136 0.073593
0 0.118506 0.507937 0.038961 0.064935
0 0.038961 0.580087 0.037338 0.056277
0 0.125406 0.731602 0.036526 0.079365
0 0.127435 0.891775 0.032468 0.082251
0 0.270698 0.689033 0.046266 0.072150
0 0.601055 0.884560 0.073864 0.119769
0 0.697240 0.845599 0.068182 0.090909
0 0.751218 0.869408 0.052760 0.089466