0 0.107549 0.038240 0.034903 0.043290
0 0.057630 0.136364 0.032468 0.043290
0 0.096997 0.253968 0.036526 0.038961
0 0.031656 0.269120 0.032468 0.046176
0 0.173701 0.085859 0.040584 0.057720
0 0.231331 0.124820 0.045455 0.046176
0 0.391234 0.041126 0.045455 0.051948
0 0.461445 0.156566 0.046266 0.060606
0 0.583604 0.116883 0.040584 0.067821
0 0.543425 0.233766 0.051136 0.062049
0 0.678166 0.354257 0.057630 0.069264
0 0.657873 0.515152 0.047890 0.082251
0 0.764205 0.823232 0.049513 0.077922
0 0.552760 0.422799 0.061688 0.076479
0 0.437500 0.305195 0.055195 0.066378
0 0.371753 0.305916 0.055195 0.062049
0 0.452516 0.582251 0.054383 0.083694
0 0.646104 0.887446 0.076299 0.108225
0 0.543019 0.914141 0.069805 0.086580
0 0.340097 0.554113 0.058442 0.088023
0 0.221997 0.398990 0.047890 0.066378
0 0.142857 0.249639 0.042208 0.064935
0 0.060877 0.493506 0.043831 0.076479
0 0.224838 0.659452 0.047078 0.082251
0 0.335227 0.827561 0.056818 0.118326
0 0.153815 0.786436 0.043019 0.085137
0 0.121753 0.880952 0.047078 0.095238