0 0.074269 0.217172 0.034903 0.057720
0 0.047890 0.149351 0.030844 0.054834
0 0.137175 0.118326 0.035714 0.073593
0 0.264610 0.094517 0.045455 0.057720
0 0.365666 0.104618 0.041396 0.057720
0 0.541396 0.036797 0.042208 0.051948
0 0.618101 0.233045 0.052760 0.054834
0 0.676542 0.205628 0.047890 0.057720
0 0.520292 0.269120 0.055195 0.069264
0 0.467938 0.345599 0.056006 0.072150
0 0.572240 0.624820 0.064935 0.076479
0 0.694805 0.751082 0.064935 0.083694
0 0.633929 0.831890 0.061688 0.083694
0 0.273133 0.372294 0.054383 0.082251
0 0.395698 0.469697 0.052760 0.077922
0 0.158685 0.391775 0.043019 0.075036
0 0.040179 0.355700 0.031656 0.072150
0 0.025974 0.443001 0.035714 0.056277
0 0.051136 0.686869 0.035714 0.085137
0 0.150568 0.715729 0.047890 0.082251
0 0.250812 0.670996 0.056818 0.079365