0 0.504870 0.761183 0.063312 0.089466
0 0.529221 0.720779 0.048701 0.077922
0 0.665990 0.587302 0.064123 0.076479
0 0.526786 0.414141 0.053571 0.082251
0 0.549513 0.282107 0.053571 0.060606
0 0.469562 0.085137 0.046266 0.062049
0 0.424107 0.072150 0.041396 0.053391
0 0.269886 0.075758 0.034903 0.040404
0 0.141234 0.075036 0.038961 0.053391
0 0.096591 0.117605 0.035714 0.049062
0 0.053977 0.116883 0.030032 0.038961
0 0.096997 0.329004 0.038149 0.064935
0 0.219968 0.285714 0.043831 0.059163
0 0.329140 0.349928 0.046266 0.075036
0 0.413555 0.354978 0.049513 0.067821
0 0.221997 0.551227 0.047890 0.064935
0 0.134334 0.604618 0.041396 0.076479
0 0.061282 0.475469 0.034903 0.057720
0 0.109578 0.717893 0.048701 0.075036
0 0.071834 0.788600 0.039773 0.069264
0 0.247565 0.839827 0.053571 0.102453
0 0.351055 0.836941 0.059253 0.093795
0 0.361201 0.702742 0.051948 0.090909