0 0.074269 0.113997 0.031656 0.041847
0 0.014610 0.134921 0.029220 0.040404
0 0.089286 0.480519 0.037338 0.067821
0 0.140016 0.356421 0.036526 0.067821
0 0.174513 0.194805 0.043831 0.056277
0 0.243101 0.206349 0.047890 0.059163
0 0.359984 0.064935 0.044643 0.044733
0 0.409497 0.106782 0.043019 0.056277
0 0.475244 0.148629 0.057630 0.056277
0 0.490260 0.028499 0.050325 0.056998
0 0.614854 0.076479 0.047890 0.062049
0 0.577110 0.181097 0.048701 0.066378
0 0.691964 0.366522 0.043019 0.067821
0 0.763799 0.503608 0.051948 0.073593
0 0.598214 0.454545 0.066558 0.079365
0 0.493101 0.489177 0.057630 0.073593
0 0.600649 0.893939 0.063312 0.083694
0 0.487013 0.876623 0.068182 0.098124
0 0.715097 0.957792 0.058442 0.084416
0 0.353084 0.317460 0.048701 0.067821
0 0.343344 0.542569 0.060065 0.073593
0 0.215097 0.431457 0.045455 0.079365
0 0.181412 0.578644 0.049513 0.090909
0 0.043831 0.628427 0.040584 0.069264
0 0.118101 0.920635 0.046266 0.096681
0 0.339692 0.852814 0.064123 0.090909
0 0.115666 0.084416 0.038149 0.031746