1 0.122159 0.097403 0.030032 0.064935
0 0.196023 0.089466 0.034903 0.056277
0 0.401786 0.113276 0.047078 0.063492
0 0.271104 0.273449 0.045455 0.063492
0 0.170455 0.279942 0.042208 0.064935
0 0.381899 0.321068 0.046266 0.057720
0 0.460227 0.154401 0.050325 0.067821
0 0.424513 0.024892 0.048701 0.049784
0 0.548701 0.124098 0.040584 0.059163
0 0.602679 0.429293 0.056006 0.075036
0 0.703734 0.787879 0.060065 0.073593
0 0.443994 0.379509 0.056818 0.073593
0 0.517451 0.489899 0.057630 0.083694
0 0.465503 0.725830 0.060877 0.076479
0 0.591721 0.899711 0.058442 0.101010
0 0.341721 0.697691 0.053571 0.077922
0 0.215097 0.619769 0.051948 0.066378