0 0.055601 0.056277 0.021916 0.047619
0 0.016640 0.136364 0.025162 0.046176
0 0.152597 0.019120 0.035714 0.038240
0 0.105925 0.163059 0.034903 0.041847
0 0.070617 0.228716 0.035714 0.046176
0 0.031656 0.293651 0.030844 0.037518
0 0.114854 0.323954 0.039773 0.069264
0 0.166396 0.316739 0.040584 0.072150
0 0.202110 0.229437 0.043831 0.064935
0 0.326299 0.198413 0.038961 0.051948
0 0.327516 0.270563 0.047890 0.075036
0 0.455357 0.323954 0.050325 0.069264
0 0.243101 0.027056 0.033279 0.054112
0 0.502435 0.274170 0.050325 0.053391
0 0.625812 0.424964 0.053571 0.072150
0 0.444805 0.479798 0.064935 0.095238
0 0.310065 0.466811 0.053571 0.077922
0 0.224838 0.559163 0.055195 0.066378
0 0.072240 0.517316 0.040584 0.072150
0 0.034091 0.596681 0.035714 0.046176
0 0.195211 0.735931 0.043019 0.073593
0 0.312906 0.933622 0.057630 0.090909
0 0.368101 0.790043 0.064123 0.095238
0 0.562906 0.710678 0.065747 0.066378
0 0.663961 0.886724 0.058442 0.095238
0 0.739042 0.932179 0.059253 0.082251
0 0.125812 0.850649 0.047078 0.086580