0 0.088068 0.128427 0.030032 0.041847
0 0.146510 0.051948 0.036526 0.044733
0 0.186688 0.170996 0.035714 0.060606
0 0.255682 0.025613 0.034091 0.051226
0 0.367695 0.121212 0.047078 0.062049
0 0.482143 0.209957 0.045455 0.063492
0 0.583604 0.224387 0.055195 0.075036
0 0.597403 0.142136 0.050325 0.060606
0 0.725649 0.135642 0.050325 0.085137
0 0.806412 0.320346 0.049513 0.076479
0 0.696429 0.575758 0.061688 0.082251
0 0.750812 0.643579 0.053571 0.082251
0 0.547484 0.510823 0.072240 0.093795
0 0.449269 0.527417 0.059253 0.080808
0 0.333604 0.288600 0.056818 0.062049
0 0.238636 0.347042 0.045455 0.066378
0 0.109578 0.256854 0.038961 0.062049
0 0.041802 0.283550 0.036526 0.054834
0 0.149351 0.409812 0.038961 0.070707
0 0.074675 0.589466 0.043831 0.066378
0 0.148945 0.647908 0.047890 0.088023
0 0.260146 0.595238 0.057630 0.086580
0 0.358766 0.551948 0.050325 0.072150
0 0.459821 0.891775 0.062500 0.085137
0 0.593344 0.925685 0.058442 0.103896
0 0.340097 0.953463 0.047078 0.093074