0 0.081981 0.104618 0.032468 0.043290
0 0.058036 0.158009 0.031656 0.049062
0 0.028003 0.195527 0.030032 0.037518
0 0.140828 0.200577 0.036526 0.062049
0 0.094562 0.225830 0.038149 0.046176
0 0.172890 0.145743 0.037338 0.056277
0 0.282468 0.105339 0.035714 0.047619
0 0.280844 0.329726 0.053571 0.063492
0 0.320211 0.189033 0.047890 0.064935
0 0.403003 0.170996 0.043019 0.054834
0 0.478490 0.130592 0.047890 0.046176
0 0.573052 0.235209 0.045455 0.062049
0 0.430195 0.318903 0.060065 0.099567
0 0.185471 0.420635 0.046266 0.060606
0 0.050325 0.399711 0.037338 0.059163
0 0.158685 0.619769 0.038149 0.072150
0 0.238231 0.735209 0.052760 0.086580
0 0.299513 0.611111 0.055195 0.083694
0 0.321429 0.837662 0.063312 0.106782
0 0.456981 0.772727 0.050325 0.080808
0 0.532873 0.495671 0.062500 0.063492
0 0.677354 0.677489 0.049513 0.075036
0 0.625812 0.774170 0.063312 0.092352
0 0.548295 0.857143 0.067370 0.093795
0 0.180601 0.871573 0.044643 0.088023
0 0.067370 0.694805 0.038961 0.077922
0 0.015828 0.468975 0.031656 0.056277