0 0.108360 0.202742 0.039773 0.054834
0 0.120942 0.054113 0.032468 0.034632
0 0.167614 0.155844 0.043019 0.064935
0 0.305195 0.163781 0.045455 0.046176
0 0.440341 0.163059 0.044643 0.064935
0 0.489854 0.183983 0.052760 0.069264
0 0.456169 0.038240 0.048701 0.051948
0 0.540584 0.115440 0.048701 0.053391
0 0.588068 0.397547 0.054383 0.066378
0 0.485795 0.526696 0.056006 0.073593
0 0.571023 0.637085 0.057630 0.086580
0 0.703734 0.867244 0.063312 0.096681
0 0.444805 0.919192 0.061688 0.096681
0 0.369724 0.505051 0.052760 0.076479
0 0.127435 0.455988 0.043831 0.073593
0 0.252435 0.414141 0.045455 0.067821
0 0.281656 0.720058 0.051948 0.070707
0 0.199269 0.730159 0.047890 0.088023
0 0.102679 0.634199 0.034903 0.060606
0 0.192370 0.870851 0.045455 0.086580
0 0.134334 0.946609 0.049513 0.073593