0 0.137581 0.022006 0.039773 0.044012
0 0.128653 0.151515 0.034903 0.056277
0 0.048295 0.181097 0.030032 0.054834
0 0.023539 0.246032 0.032468 0.051948
0 0.094968 0.305195 0.035714 0.072150
0 0.193588 0.402597 0.051136 0.076479
0 0.226055 0.200577 0.046266 0.059163
0 0.280032 0.116162 0.043831 0.060606
0 0.375812 0.124820 0.045455 0.075036
0 0.552760 0.059163 0.045455 0.067821
0 0.578328 0.228716 0.065747 0.080808
0 0.667614 0.374459 0.054383 0.077922
0 0.749594 0.435065 0.052760 0.066378
0 0.691558 0.067821 0.034091 0.056277
0 0.030844 0.554113 0.038961 0.070707
0 0.157873 0.559885 0.044643 0.073593
0 0.313718 0.611833 0.056006 0.085137
0 0.343750 0.435786 0.057630 0.079365
0 0.488231 0.683983 0.059253 0.099567
0 0.557630 0.540404 0.064935 0.083694
0 0.486201 0.261183 0.060065 0.076479
0 0.643263 0.717172 0.059253 0.111111
0 0.695211 0.774170 0.067370 0.095238
0 0.437500 0.890332 0.068182 0.102453
0 0.293425 0.759740 0.051136 0.089466
0 0.230925 0.877345 0.057630 0.090909
0 0.085633 0.813131 0.047890 0.112554