0 0.125812 0.117605 0.034091 0.057720
0 0.214692 0.075036 0.039773 0.050505
0 0.315747 0.082973 0.038961 0.060606
0 0.392451 0.129870 0.044643 0.059163
0 0.454140 0.218615 0.052760 0.069264
0 0.507305 0.124098 0.053571 0.062049
0 0.623377 0.325397 0.048701 0.066378
0 0.694805 0.730880 0.060065 0.086580
0 0.562094 0.536797 0.060877 0.079365
0 0.441153 0.491342 0.054383 0.080808
0 0.338068 0.365079 0.049513 0.070707
0 0.242289 0.316017 0.049513 0.062049
0 0.174919 0.321789 0.047890 0.067821
0 0.342938 0.577922 0.056006 0.086580
0 0.430601 0.681818 0.060877 0.086580
0 0.223214 0.614719 0.050325 0.079365
0 0.566153 0.821068 0.068994 0.090909
0 0.677760 0.959957 0.066558 0.080086