0 0.027597 0.126984 0.030844 0.050505
0 0.105114 0.075036 0.036526 0.050505
0 0.080357 0.233045 0.038961 0.060606
0 0.156250 0.278499 0.051136 0.064935
0 0.203328 0.108947 0.044643 0.054834
0 0.264205 0.090188 0.039773 0.057720
0 0.351867 0.136364 0.041396 0.075036
0 0.491071 0.255411 0.061688 0.090909
0 0.564123 0.063492 0.047078 0.062049
0 0.583604 0.230159 0.058442 0.089466
0 0.654627 0.188312 0.046266 0.066378
0 0.725244 0.268398 0.047890 0.059163
0 0.304383 0.312410 0.050325 0.075036
0 0.257711 0.443723 0.049513 0.080808
0 0.109578 0.438672 0.038961 0.073593
0 0.040990 0.712121 0.041396 0.086580
0 0.234578 0.572872 0.045455 0.079365
0 0.215503 0.742424 0.047890 0.083694
0 0.181006 0.956349 0.055195 0.087302
0 0.326299 0.753247 0.061688 0.099567
0 0.386364 0.705628 0.060065 0.088023
0 0.437906 0.531025 0.044643 0.076479
0 0.558036 0.519481 0.067370 0.082251
0 0.669643 0.518759 0.058442 0.077922
0 0.729302 0.608947 0.059253 0.073593
0 0.603084 0.906205 0.073052 0.096681