0 0.126218 0.132756 0.036526 0.059163
0 0.214286 0.098124 0.040584 0.056277
0 0.327922 0.111111 0.037338 0.056277
0 0.398539 0.164502 0.043831 0.059163
0 0.456575 0.249639 0.051136 0.067821
0 0.520292 0.168110 0.050325 0.066378
0 0.635146 0.383838 0.052760 0.064935
0 0.356331 0.411977 0.051948 0.075036
0 0.256899 0.362915 0.046266 0.072150
0 0.184659 0.350649 0.044643 0.064935
0 0.353896 0.633478 0.053571 0.079365
0 0.462662 0.554834 0.055195 0.089466
0 0.581575 0.608947 0.059253 0.079365
0 0.452516 0.735209 0.067370 0.080808
0 0.590909 0.867244 0.068182 0.088023
0 0.711445 0.805195 0.057630 0.082251
0 0.232955 0.677489 0.048701 0.077922