0 0.145292 0.110390 0.043831 0.063492
0 0.049107 0.044012 0.033279 0.051948
0 0.046672 0.246032 0.033279 0.075036
0 0.042614 0.356421 0.041396 0.073593
0 0.153409 0.538961 0.053571 0.075036
0 0.230519 0.277056 0.051948 0.088023
0 0.316153 0.129870 0.043019 0.059163
0 0.448864 0.107504 0.053571 0.069264
0 0.528409 0.134921 0.043831 0.080808
0 0.569399 0.400433 0.065747 0.072150
0 0.442776 0.339827 0.064123 0.083694
0 0.313718 0.303030 0.049513 0.070707
0 0.568588 0.721501 0.067370 0.088023
0 0.375406 0.616883 0.057630 0.092352
0 0.255682 0.852092 0.066558 0.089466
0 0.386769 0.930736 0.065747 0.113997
0 0.065341 0.698413 0.049513 0.085137