0 0.021104 0.174603 0.034091 0.047619
0 0.113231 0.181818 0.031656 0.044733
0 0.154627 0.106061 0.038149 0.051948
0 0.192370 0.027778 0.038961 0.055556
0 0.275568 0.097403 0.034903 0.051948
0 0.368506 0.121934 0.045455 0.060606
0 0.493101 0.253247 0.051136 0.060606
0 0.587256 0.227273 0.051136 0.086580
0 0.633523 0.248918 0.052760 0.063492
0 0.715097 0.132756 0.045455 0.070707
0 0.633929 0.046176 0.042208 0.059163
0 0.779627 0.396104 0.046266 0.069264
0 0.554789 0.518038 0.064123 0.093795
0 0.698052 0.720779 0.063312 0.069264
0 0.765016 0.821068 0.057630 0.079365
0 0.480519 0.678211 0.061688 0.111111
0 0.370942 0.386724 0.055195 0.070707
0 0.227679 0.227994 0.039773 0.067821
0 0.144075 0.317460 0.038149 0.067821
0 0.063312 0.334055 0.037338 0.066378
0 0.189123 0.497114 0.043831 0.075036
0 0.272321 0.450216 0.052760 0.076479
0 0.401380 0.679654 0.057630 0.076479
0 0.287338 0.747475 0.056818 0.090909
0 0.204951 0.818903 0.051136 0.101010
0 0.098620 0.740981 0.046266 0.086580
0 0.025568 0.507937 0.038149 0.064935