0 0.113636 0.069986 0.035714 0.028860
0 0.073052 0.096681 0.034091 0.038961
0 0.013393 0.119048 0.026786 0.049062
0 0.129464 0.339105 0.038149 0.070707
0 0.170455 0.178932 0.045455 0.064935
0 0.242289 0.182540 0.044643 0.057720
0 0.341315 0.298701 0.043019 0.064935
0 0.355925 0.054834 0.046266 0.050505
0 0.407062 0.102453 0.038149 0.056277
0 0.474026 0.126984 0.056818 0.053391
0 0.489042 0.019841 0.047890 0.039682
0 0.610795 0.059163 0.046266 0.059163
0 0.576705 0.158730 0.041396 0.059163
0 0.684253 0.333333 0.034091 0.056277
0 0.761769 0.465368 0.054383 0.075036
0 0.593750 0.423521 0.065747 0.075036
0 0.487825 0.450216 0.056818 0.067821
0 0.335227 0.512987 0.055195 0.072150
0 0.205357 0.406926 0.045455 0.073593
0 0.081575 0.460317 0.034903 0.064935
0 0.172484 0.552670 0.047890 0.088023
0 0.039367 0.608947 0.039773 0.076479
0 0.107143 0.891775 0.040584 0.090909
0 0.325081 0.810245 0.064123 0.089466
0 0.482143 0.841270 0.063312 0.105339
0 0.594968 0.855700 0.058442 0.088023
0 0.704140 0.912698 0.060877 0.083694
0 0.792614 0.962121 0.060877 0.075758