0 0.015828 0.232323 0.031656 0.059163
0 0.055601 0.144300 0.038149 0.041847
0 0.145698 0.058442 0.033279 0.031746
0 0.219562 0.052670 0.041396 0.046176
0 0.195211 0.151515 0.041396 0.056277
0 0.247565 0.202742 0.043831 0.057720
0 0.349432 0.197691 0.049513 0.064935
0 0.390422 0.026335 0.045455 0.052670
0 0.463474 0.091631 0.048701 0.051948
0 0.555601 0.207071 0.044643 0.057720
0 0.536932 0.380231 0.052760 0.057720
0 0.661526 0.500000 0.050325 0.077922
0 0.542208 0.606061 0.053571 0.093795
0 0.624188 0.683983 0.055195 0.079365
0 0.111201 0.215007 0.034091 0.062049
0 0.194805 0.358586 0.042208 0.066378
0 0.312094 0.517316 0.056006 0.083694
0 0.413961 0.550505 0.051948 0.075036
0 0.428166 0.267677 0.049513 0.072150
0 0.162338 0.577201 0.042208 0.079365
0 0.208604 0.595238 0.050325 0.080808
0 0.743506 0.909091 0.063312 0.076479