0 0.045049 0.030303 0.033279 0.041847
0 0.082792 0.215007 0.037338 0.047619
0 0.146510 0.103175 0.039773 0.054834
0 0.227679 0.059163 0.044643 0.056277
0 0.348620 0.045455 0.043019 0.051948
0 0.412338 0.033911 0.050325 0.043290
0 0.493912 0.019120 0.047890 0.038240
0 0.549107 0.025613 0.051136 0.051226
0 0.530438 0.290765 0.052760 0.072150
0 0.653409 0.441558 0.056818 0.064935
0 0.453328 0.645022 0.052760 0.073593
0 0.605519 0.856421 0.058442 0.092352
0 0.699269 0.872294 0.052760 0.086580
0 0.232549 0.300866 0.054383 0.075036
0 0.146104 0.334055 0.035714 0.063492
0 0.045455 0.304473 0.034091 0.056277
0 0.036120 0.661616 0.034903 0.054834
0 0.246753 0.658730 0.055195 0.083694
0 0.150162 0.871573 0.053571 0.067821
0 0.390422 0.904762 0.063312 0.099567