0 0.099838 0.165945 0.034091 0.062049
0 0.178166 0.119769 0.036526 0.047619
0 0.239448 0.168831 0.042208 0.062049
0 0.335227 0.139971 0.045455 0.059163
0 0.454951 0.046898 0.049513 0.049062
0 0.536120 0.147908 0.041396 0.057720
0 0.415990 0.206349 0.051136 0.059163
0 0.170860 0.300866 0.039773 0.063492
0 0.135958 0.505051 0.043019 0.082251
0 0.189529 0.507937 0.047890 0.088023
0 0.278003 0.441558 0.056006 0.082251
0 0.382305 0.480519 0.055195 0.067821
0 0.520292 0.495671 0.055195 0.077922
0 0.530438 0.305916 0.051136 0.064935
0 0.641234 0.425685 0.048701 0.070707
0 0.595779 0.574315 0.055195 0.090909
0 0.362013 0.841270 0.064935 0.064935
0 0.265016 0.893218 0.056006 0.079365
0 0.717938 0.830447 0.064123 0.080808