0 0.057224 0.150794 0.033279 0.046176
0 0.101867 0.140693 0.036526 0.063492
0 0.148945 0.098124 0.041396 0.059163
0 0.281250 0.106782 0.039773 0.050505
0 0.428977 0.096681 0.044643 0.047619
0 0.485390 0.116162 0.048701 0.072150
0 0.521510 0.048341 0.039773 0.057720
0 0.562906 0.323954 0.056006 0.066378
0 0.434659 0.406205 0.051136 0.069264
0 0.349432 0.398990 0.046266 0.077922
0 0.228084 0.324675 0.047078 0.059163
0 0.109578 0.369408 0.038961 0.062049
0 0.071834 0.516595 0.038149 0.044733
0 0.243506 0.601010 0.053571 0.072150
0 0.393263 0.769841 0.057630 0.092352
0 0.375406 0.903319 0.065747 0.085137
0 0.523133 0.852092 0.062500 0.112554
0 0.553977 0.819625 0.052760 0.108225
0 0.662744 0.681818 0.068994 0.077922
0 0.542614 0.473304 0.059253 0.076479
0 0.269481 0.901154 0.051948 0.101010
0 0.150568 0.647186 0.039773 0.075036
0 0.133929 0.772006 0.043831 0.088023
0 0.092127 0.844156 0.044643 0.090909