1 0.181006 0.283550 0.043831 0.076479
0 0.077516 0.136364 0.033279 0.062049
0 0.098214 0.087302 0.025974 0.053391
0 0.201705 0.093795 0.033279 0.054834
0 0.261364 0.284993 0.045455 0.067821
0 0.482549 0.411255 0.060877 0.075036
0 0.391234 0.032468 0.047078 0.047619
0 0.446834 0.041126 0.046266 0.053391
0 0.535308 0.272006 0.049513 0.059163
0 0.654627 0.536075 0.056006 0.070707
0 0.549107 0.484848 0.060877 0.077922
0 0.211851 0.570707 0.048701 0.073593
0 0.317370 0.573593 0.053571 0.070707
0 0.431818 0.797980 0.061688 0.083694
0 0.528003 0.836219 0.060877 0.085137
0 0.610390 0.925685 0.063312 0.082251
0 0.750000 0.911977 0.060065 0.080808