0 0.138393 0.200577 0.036526 0.050505
0 0.168019 0.046898 0.040584 0.051948
0 0.222808 0.088745 0.041396 0.049062
0 0.375000 0.238095 0.050325 0.067821
0 0.418425 0.243867 0.056006 0.064935
0 0.453734 0.100289 0.045455 0.063492
0 0.523945 0.184704 0.051136 0.064935
0 0.568994 0.065657 0.038961 0.063492
0 0.656656 0.285714 0.055195 0.085137
0 0.633117 0.415584 0.051948 0.088023
0 0.520292 0.336941 0.063312 0.077922
0 0.427354 0.505772 0.052760 0.077922
0 0.310877 0.450938 0.051948 0.083694
0 0.203328 0.344877 0.047890 0.064935
0 0.093344 0.221501 0.037338 0.049062
0 0.028409 0.233766 0.030844 0.044733
0 0.043019 0.447330 0.042208 0.076479
0 0.199675 0.570707 0.045455 0.077922
0 0.137987 0.696248 0.040584 0.080808
0 0.098620 0.827561 0.043019 0.092352
0 0.306006 0.715729 0.053571 0.096681
0 0.252841 0.864358 0.054383 0.105339
0 0.450081 0.892496 0.068994 0.089466
0 0.530032 0.803030 0.069805 0.086580
0 0.621753 0.771284 0.076299 0.095238
0 0.742289 0.720058 0.051136 0.093795
0 0.789367 0.880952 0.060877 0.106782