0 0.037338 0.088023 0.035714 0.047619
0 0.143669 0.105339 0.035714 0.064935
0 0.238231 0.102453 0.043019 0.047619
0 0.349838 0.123377 0.045455 0.057720
0 0.430195 0.122655 0.053571 0.044733
0 0.517045 0.116883 0.051948 0.047619
0 0.566558 0.126263 0.051948 0.054834
0 0.558847 0.402597 0.056006 0.070707
0 0.687094 0.596681 0.057630 0.072150
0 0.497971 0.751804 0.054383 0.085137
0 0.390422 0.898268 0.060065 0.095238
0 0.273945 0.784271 0.059253 0.083694
0 0.064529 0.727994 0.036526 0.072150
0 0.077110 0.215729 0.037338 0.051948
0 0.052760 0.351371 0.035714 0.057720
0 0.019481 0.427850 0.035714 0.069264
0 0.148945 0.323232 0.043019 0.073593
0 0.246347 0.348485 0.054383 0.072150