0 0.015422 0.077201 0.030844 0.049062
0 0.099026 0.018398 0.035714 0.036796
0 0.187094 0.036797 0.038149 0.051948
0 0.137175 0.196970 0.043831 0.060606
0 0.061688 0.178932 0.034091 0.056277
0 0.075487 0.364358 0.038961 0.069264
0 0.166396 0.619769 0.043831 0.072150
0 0.196834 0.458153 0.039773 0.066378
0 0.228490 0.326118 0.044643 0.062049
0 0.256494 0.241703 0.043831 0.069264
0 0.253247 0.051948 0.037338 0.056277
0 0.353084 0.136364 0.043831 0.069264
0 0.491071 0.246753 0.060065 0.082251
0 0.584821 0.226551 0.054383 0.079365
0 0.578734 0.076479 0.040584 0.059163
0 0.637175 0.080087 0.043831 0.051948
0 0.705763 0.150072 0.044643 0.059163
0 0.682224 0.368687 0.054383 0.072150
0 0.752029 0.453824 0.054383 0.075036
0 0.554383 0.518759 0.066558 0.092352
0 0.385146 0.406205 0.038149 0.063492
0 0.349838 0.531025 0.053571 0.073593
0 0.288149 0.585859 0.055195 0.088023
0 0.492695 0.838384 0.069805 0.085137
0 0.646916 0.785714 0.061688 0.083694
0 0.711851 0.855700 0.063312 0.070707
0 0.382711 0.898990 0.064123 0.088023
0 0.129464 0.843434 0.049513 0.086580