0 0.054789 0.131313 0.033279 0.044733
0 0.016234 0.215729 0.032468 0.054834
0 0.107549 0.199856 0.036526 0.060606
0 0.216315 0.038961 0.038149 0.041847
0 0.189529 0.147908 0.039773 0.063492
0 0.245942 0.188312 0.035714 0.054834
0 0.342938 0.175325 0.046266 0.051948
0 0.422078 0.245310 0.050325 0.064935
0 0.187094 0.339105 0.041396 0.062049
0 0.462662 0.077201 0.047078 0.049062
0 0.543831 0.191919 0.040584 0.050505
0 0.532062 0.354257 0.052760 0.060606
0 0.650568 0.476190 0.047890 0.073593
0 0.535308 0.566378 0.054383 0.089466
0 0.299919 0.487734 0.056006 0.088023
0 0.399756 0.530303 0.056006 0.069264
0 0.608360 0.637085 0.056006 0.075036
0 0.739854 0.886724 0.068994 0.089466
0 0.200081 0.572872 0.047890 0.088023
0 0.156656 0.552670 0.042208 0.070707
0 0.378247 0.924242 0.066558 0.095238