0 0.038555 0.234488 0.034903 0.051948
0 0.043019 0.067821 0.029221 0.038961
0 0.108360 0.055556 0.038149 0.049062
0 0.168019 0.195527 0.042208 0.057720
0 0.143669 0.257576 0.037338 0.054834
0 0.211851 0.097403 0.045455 0.060606
0 0.304789 0.186147 0.036526 0.059163
0 0.352273 0.126263 0.064935 0.057720
0 0.502435 0.243146 0.047078 0.083694
0 0.586851 0.227273 0.050325 0.077922
0 0.573864 0.071429 0.043831 0.049062
0 0.651786 0.143579 0.043831 0.057720
0 0.739448 0.189033 0.045455 0.053391
0 0.741071 0.533911 0.056818 0.064935
0 0.665179 0.444444 0.057630 0.062049
0 0.554383 0.512987 0.063312 0.098124
0 0.538555 0.843434 0.060877 0.129870
0 0.715909 0.935065 0.064935 0.113997
0 0.418019 0.528139 0.060065 0.082251
0 0.458198 0.895382 0.056006 0.098124
0 0.312094 0.603896 0.051136 0.069264
0 0.260958 0.316739 0.039773 0.066378
0 0.192370 0.398268 0.047078 0.082251
0 0.238231 0.639971 0.049513 0.083694
0 0.088068 0.423521 0.039773 0.066378
0 0.051542 0.637085 0.044643 0.075036
0 0.146510 0.899711 0.047890 0.086580
0 0.342127 0.935786 0.059253 0.101010