0 0.020292 0.348485 0.040584 0.066378
0 0.017451 0.156566 0.031656 0.040404
0 0.078734 0.142857 0.030844 0.033189
0 0.118912 0.116883 0.039773 0.053391
0 0.182224 0.241703 0.044643 0.063492
0 0.258523 0.277778 0.046266 0.066378
0 0.376623 0.105339 0.051948 0.050505
0 0.412338 0.134199 0.043831 0.064935
0 0.500406 0.064935 0.049513 0.050505
0 0.485795 0.197691 0.060877 0.056277
0 0.592532 0.247475 0.048701 0.069264
0 0.626623 0.137085 0.050325 0.053391
0 0.603084 0.555556 0.069805 0.085137
0 0.704140 0.467532 0.046266 0.073593
0 0.775162 0.641414 0.053571 0.083694
0 0.515016 0.570707 0.064123 0.072150
0 0.374188 0.383838 0.050325 0.070707
0 0.156250 0.420635 0.041396 0.066378
0 0.247565 0.507215 0.047078 0.080808
0 0.375812 0.657287 0.063312 0.080808
0 0.205763 0.672439 0.051136 0.099567
0 0.101867 0.544733 0.038149 0.075036
0 0.062906 0.704185 0.041396 0.073593