0 0.070211 0.034632 0.031656 0.027417
0 0.037338 0.102453 0.030844 0.041847
0 0.013799 0.119048 0.021104 0.031746
0 0.032468 0.297258 0.034091 0.053391
0 0.078734 0.168110 0.037338 0.049062
0 0.112825 0.108225 0.037338 0.059163
0 0.154627 0.072150 0.036526 0.044733
0 0.262175 0.036797 0.032468 0.049062
0 0.156250 0.307359 0.043019 0.056277
0 0.258117 0.232323 0.048701 0.059163
0 0.315747 0.166667 0.048701 0.060606
0 0.372971 0.048341 0.043019 0.049062
0 0.434253 0.047619 0.038961 0.044733
0 0.529221 0.108947 0.045455 0.057720
0 0.429789 0.176046 0.054383 0.062049
0 0.502029 0.328283 0.060877 0.054834
0 0.624594 0.450938 0.051136 0.063492
0 0.599838 0.616162 0.066558 0.093795
0 0.468750 0.574315 0.059253 0.073593
0 0.373377 0.519481 0.051948 0.070707
0 0.251218 0.452381 0.049513 0.080808
0 0.123377 0.487734 0.032468 0.041847
0 0.193182 0.582251 0.050325 0.066378
0 0.037338 0.559163 0.040584 0.057720
0 0.107955 0.699856 0.038961 0.079365
0 0.113636 0.865079 0.035714 0.080808
0 0.420860 0.947330 0.068994 0.092352
0 0.594156 0.849928 0.074675 0.113997
0 0.691558 0.804473 0.063312 0.077922
0 0.749188 0.830447 0.055195 0.080808
0 0.260958 0.673882 0.041396 0.076479