0 0.057630 0.135642 0.035714 0.053391
0 0.099838 0.132035 0.035714 0.054834
0 0.141640 0.085137 0.039773 0.059163
0 0.274756 0.090909 0.036526 0.036075
0 0.428977 0.088023 0.046266 0.059163
0 0.477679 0.101732 0.044643 0.063492
0 0.519886 0.036075 0.044643 0.056277
0 0.224838 0.310967 0.043831 0.063492
0 0.105114 0.347763 0.038149 0.067821
0 0.067776 0.497835 0.036526 0.064935
0 0.141640 0.629870 0.041396 0.077922
0 0.230925 0.579365 0.049513 0.072150
0 0.340909 0.372294 0.048701 0.079365
0 0.421672 0.386003 0.044643 0.077922
0 0.556818 0.302309 0.056818 0.066378
0 0.534497 0.443001 0.054383 0.079365
0 0.661526 0.628427 0.063312 0.069264
0 0.517857 0.803030 0.056818 0.109668
0 0.539367 0.772006 0.049513 0.096681
0 0.379464 0.738817 0.057630 0.093795
0 0.362013 0.862193 0.058442 0.080808
0 0.257711 0.866522 0.049513 0.098124
0 0.122971 0.743146 0.043019 0.073593
0 0.082386 0.808081 0.038149 0.053391