0 0.049919 0.418470 0.038149 0.059163
0 0.028003 0.209957 0.030032 0.037518
0 0.058036 0.168110 0.031656 0.054834
0 0.094968 0.242424 0.037338 0.056277
0 0.143669 0.216450 0.037338 0.062049
0 0.176136 0.150072 0.042208 0.053391
0 0.290990 0.119769 0.036526 0.059163
0 0.321023 0.198413 0.047890 0.060606
0 0.408279 0.189033 0.043831 0.050505
0 0.481331 0.150072 0.047078 0.050505
0 0.578328 0.261905 0.047890 0.066378
0 0.428166 0.344877 0.065747 0.090909
0 0.534497 0.526696 0.064123 0.064935
0 0.630682 0.784993 0.061688 0.085137
0 0.688718 0.719336 0.057630 0.075036
0 0.311282 0.639971 0.056006 0.080808
0 0.287338 0.343434 0.048701 0.064935
0 0.191558 0.444444 0.048701 0.064935
0 0.168019 0.643579 0.043831 0.064935
0 0.251218 0.764069 0.052760 0.086580
0 0.075081 0.723665 0.044643 0.089466
0 0.475244 0.826840 0.062500 0.090909
0 0.554789 0.895382 0.060877 0.075036
0 0.331169 0.860750 0.061688 0.106782
0 0.190341 0.901154 0.046266 0.083694
0 0.016640 0.486291 0.033279 0.056277