0 0.019075 0.095238 0.031656 0.044733
0 0.064529 0.193362 0.034903 0.062049
0 0.140828 0.230880 0.041396 0.059163
0 0.104708 0.039683 0.029221 0.051948
0 0.198052 0.067100 0.037338 0.054834
0 0.250406 0.067821 0.046266 0.056277
0 0.350649 0.137807 0.047078 0.077922
0 0.573052 0.069986 0.045455 0.066378
0 0.639205 0.122655 0.047890 0.056277
0 0.713474 0.195527 0.047078 0.054834
0 0.672890 0.420635 0.060065 0.066378
0 0.747159 0.510101 0.059253 0.069264
0 0.555601 0.518038 0.067370 0.085137
0 0.491477 0.246753 0.059253 0.088023
0 0.585227 0.230159 0.058442 0.086580
0 0.270698 0.277778 0.044643 0.069264
0 0.407468 0.453102 0.040584 0.073593
0 0.635146 0.834055 0.068994 0.102453
0 0.726461 0.917749 0.060065 0.090909
0 0.088474 0.399711 0.038961 0.067821
0 0.208604 0.507937 0.042208 0.064935
0 0.184253 0.669553 0.040584 0.076479
0 0.304789 0.648629 0.054383 0.092352
0 0.364854 0.593795 0.057630 0.080808
0 0.502435 0.912698 0.073052 0.089466
0 0.151786 0.873737 0.051948 0.086580
0 0.020292 0.656566 0.040584 0.082251
0 0.243101 0.362915 0.047890 0.063492