0 0.068182 0.246753 0.037338 0.059163
0 0.107955 0.029582 0.034091 0.031746
0 0.183847 0.077201 0.036526 0.051948
0 0.158279 0.134921 0.035714 0.046176
0 0.242695 0.145743 0.043831 0.041847
0 0.221591 0.238095 0.042208 0.062049
0 0.271510 0.316017 0.041396 0.064935
0 0.407873 0.133478 0.049513 0.054834
0 0.491477 0.211400 0.051136 0.057720
0 0.523133 0.078644 0.041396 0.043290
0 0.596185 0.336219 0.043019 0.062049
0 0.469968 0.435065 0.051948 0.069264
0 0.377435 0.396825 0.053571 0.067821
0 0.250812 0.503608 0.045455 0.073593
0 0.148133 0.347042 0.036526 0.075036
0 0.038961 0.399711 0.042208 0.059163
0 0.602679 0.576479 0.051136 0.072150
0 0.716315 0.721501 0.056006 0.070707
0 0.612013 0.886724 0.058442 0.112554
0 0.495942 0.776335 0.056818 0.082251
0 0.377841 0.776335 0.065747 0.102453
0 0.284903 0.822511 0.053571 0.096681
0 0.217127 0.768398 0.049513 0.089466