0 0.046266 0.150072 0.035714 0.050505
0 0.143669 0.110390 0.037338 0.063492
0 0.258929 0.051948 0.042208 0.053391
0 0.477273 0.180375 0.050325 0.064935
0 0.588880 0.121934 0.049513 0.057720
0 0.643263 0.111111 0.047890 0.062049
0 0.462256 0.326118 0.047890 0.067821
0 0.395698 0.390332 0.054383 0.072150
0 0.257305 0.269841 0.056818 0.067821
0 0.150568 0.348485 0.041396 0.077922
0 0.035308 0.362193 0.028409 0.082251
0 0.240260 0.577201 0.058442 0.070707
0 0.095373 0.629149 0.039773 0.088023
0 0.017045 0.595238 0.034090 0.072150
0 0.387175 0.913420 0.060065 0.108225
0 0.586039 0.497114 0.061688 0.072150
0 0.679789 0.556999 0.062500 0.079365
0 0.642045 0.707792 0.060065 0.098124