0 0.065747 0.125541 0.034091 0.044733
0 0.022321 0.057720 0.028409 0.038961
0 0.101867 0.044733 0.033279 0.047619
0 0.134740 0.228716 0.042208 0.054834
0 0.237013 0.156566 0.045455 0.054834
0 0.320211 0.169553 0.049513 0.072150
0 0.021916 0.227273 0.034091 0.057720
0 0.408279 0.100289 0.042208 0.063492
0 0.489854 0.215729 0.054383 0.060606
0 0.587662 0.316017 0.048701 0.064935
0 0.559659 0.484848 0.051136 0.076479
0 0.223620 0.345599 0.044643 0.072150
0 0.314529 0.376623 0.052760 0.076479
0 0.429789 0.376623 0.056006 0.070707
0 0.549107 0.670274 0.072240 0.080808
0 0.651786 0.621934 0.061688 0.090909
0 0.704140 0.624098 0.052760 0.069264
0 0.462256 0.836941 0.060877 0.090909
0 0.370942 0.766955 0.058442 0.086580
0 0.221185 0.545455 0.044643 0.088023
0 0.159903 0.489899 0.047078 0.077922
0 0.073864 0.589466 0.037338 0.066378
0 0.090097 0.393939 0.037338 0.062049
0 0.018669 0.445166 0.037338 0.063492
0 0.064123 0.764791 0.035714 0.064935
0 0.163555 0.937229 0.044643 0.095238
0 0.204951 0.916306 0.052760 0.070707