1 0.156250 0.205628 0.041396 0.070707
0 0.046266 0.135642 0.027597 0.063492
0 0.080357 0.065657 0.022727 0.044733
0 0.166802 0.028860 0.028409 0.049062
0 0.232143 0.213564 0.042208 0.063492
0 0.452922 0.283550 0.050325 0.067821
0 0.481737 0.184704 0.043019 0.060606
0 0.517857 0.339105 0.063312 0.080808
0 0.616071 0.365079 0.050325 0.069264
0 0.594156 0.741703 0.061688 0.089466
0 0.706981 0.746032 0.053571 0.080808
0 0.491071 0.636364 0.055195 0.086580
0 0.406656 0.603896 0.060065 0.079365
0 0.312094 0.427128 0.054383 0.075036
0 0.201705 0.450216 0.046266 0.077922
0 0.283279 0.874459 0.053571 0.083694