0 0.039367 0.054113 0.031656 0.043290
0 0.144481 0.106782 0.035714 0.062049
0 0.226867 0.077922 0.041396 0.056277
0 0.351461 0.076479 0.045455 0.053391
0 0.413149 0.072872 0.053571 0.046176
0 0.500812 0.052670 0.047078 0.040404
0 0.558036 0.056277 0.049513 0.041847
0 0.554789 0.329004 0.054383 0.070707
0 0.670049 0.500000 0.056006 0.066378
0 0.466721 0.696248 0.056818 0.075036
0 0.626218 0.933622 0.072240 0.102453
0 0.717532 0.935786 0.055195 0.101010
0 0.391640 0.901154 0.060877 0.101010
0 0.251218 0.712121 0.056006 0.083694
0 0.053166 0.686869 0.044643 0.070707
0 0.155844 0.921356 0.053571 0.066378
0 0.242289 0.316017 0.054383 0.073593
0 0.146510 0.329726 0.039773 0.075036
0 0.080357 0.219336 0.038961 0.056277
0 0.053977 0.327561 0.033279 0.053391