0 0.082792 0.246753 0.037338 0.044733
0 0.119724 0.256854 0.038149 0.059163
0 0.125812 0.093074 0.034091 0.049062
0 0.185877 0.204185 0.045455 0.069264
0 0.206169 0.034632 0.034091 0.050505
0 0.314123 0.217893 0.042208 0.047619
0 0.377435 0.038961 0.038961 0.050505
0 0.464286 0.089466 0.050325 0.056277
0 0.557630 0.169553 0.048701 0.060606
0 0.494724 0.260462 0.054383 0.080808
0 0.441964 0.227994 0.046266 0.064935
0 0.280438 0.489177 0.049513 0.067821
0 0.148539 0.533911 0.048701 0.082251
0 0.109578 0.746753 0.040584 0.060606
0 0.239854 0.795094 0.054383 0.088023
0 0.321023 0.816017 0.059253 0.092352
0 0.394886 0.601010 0.057630 0.080808
0 0.511769 0.647186 0.064123 0.069264
0 0.600244 0.756133 0.064123 0.099567
0 0.603490 0.475469 0.056006 0.077922