0 0.103490 0.186147 0.036526 0.056277
0 0.178166 0.320346 0.041396 0.064935
0 0.243506 0.176046 0.038961 0.050505
0 0.182630 0.135642 0.038961 0.056277
0 0.215097 0.023810 0.038961 0.046176
0 0.418425 0.222222 0.041396 0.062049
0 0.338880 0.158009 0.044643 0.054834
0 0.457792 0.064935 0.048701 0.053391
0 0.538961 0.166667 0.040584 0.049062
0 0.644886 0.446609 0.046266 0.063492
0 0.531250 0.330447 0.049513 0.062049
0 0.147321 0.528139 0.041396 0.073593
0 0.197646 0.543290 0.049513 0.086580
0 0.289367 0.464646 0.056006 0.088023
0 0.388393 0.505772 0.054383 0.066378
0 0.530032 0.527417 0.055195 0.086580
0 0.599838 0.606061 0.058442 0.079365
0 0.728490 0.860029 0.060877 0.082251
0 0.371753 0.876623 0.063312 0.075036
0 0.276380 0.932900 0.054383 0.083694