0 0.063718 0.210678 0.038149 0.047619
0 0.049513 0.026696 0.030844 0.046176
0 0.120536 0.093795 0.038149 0.038961
0 0.186282 0.156566 0.043019 0.054834
0 0.243506 0.189755 0.043831 0.057720
0 0.334010 0.046176 0.046266 0.044733
0 0.386769 0.118326 0.051136 0.056277
0 0.446023 0.026335 0.046266 0.052670
0 0.525162 0.074315 0.034091 0.051948
0 0.612419 0.229437 0.041396 0.076479
0 0.570211 0.340548 0.049513 0.064935
0 0.478490 0.243867 0.051136 0.064935
0 0.699269 0.520202 0.056006 0.066378
0 0.597808 0.597403 0.068994 0.079365
0 0.688718 0.679654 0.051136 0.099567
0 0.493506 0.697691 0.061688 0.098124
0 0.457792 0.407648 0.061688 0.069264
0 0.393263 0.445166 0.052760 0.069264
0 0.156656 0.310245 0.038961 0.064935
0 0.108766 0.324675 0.037338 0.059163
0 0.039773 0.347763 0.034091 0.050505
0 0.251623 0.518038 0.051948 0.079365
0 0.086445 0.634921 0.044643 0.082251
0 0.025974 0.756133 0.037338 0.090909
0 0.270292 0.826118 0.050325 0.077922
0 0.379058 0.758297 0.058442 0.080808
0 0.221185 0.935786 0.049513 0.086580
0 0.012581 0.096681 0.025162 0.036075