0 0.147727 0.102453 0.037338 0.053391
0 0.086851 0.211400 0.040584 0.049062
0 0.029627 0.253968 0.034903 0.062049
0 0.144481 0.348485 0.035714 0.066378
0 0.230114 0.287157 0.052760 0.082251
0 0.229302 0.026696 0.036526 0.034632
0 0.496347 0.227994 0.049513 0.064935
0 0.633523 0.364358 0.052760 0.080808
0 0.446429 0.540404 0.055195 0.069264
0 0.590503 0.726551 0.065747 0.072150
0 0.666396 0.778499 0.053571 0.083694
0 0.471591 0.876623 0.056818 0.095238
0 0.392451 0.904040 0.065747 0.098124
0 0.221591 0.624098 0.051948 0.089466
0 0.022727 0.613276 0.032468 0.050505
0 0.129058 0.818182 0.043831 0.076479