1 0.210633 0.399711 0.049513 0.083694
0 0.111201 0.170996 0.035714 0.059163
0 0.141640 0.099567 0.036526 0.049062
0 0.224432 0.165945 0.036526 0.054834
0 0.293425 0.039683 0.039773 0.056277
0 0.397727 0.155844 0.048701 0.054834
0 0.463880 0.166667 0.049513 0.062049
0 0.593344 0.423521 0.056818 0.070707
0 0.578734 0.705628 0.071429 0.092352
0 0.678977 0.780664 0.057630 0.080808
0 0.502841 0.616162 0.067370 0.083694
0 0.357955 0.755411 0.061688 0.090909
0 0.241477 0.730159 0.051136 0.086580
0 0.308847 0.384560 0.046266 0.070707