1 0.128653 0.115440 0.039773 0.066378
0 0.016640 0.095238 0.026786 0.056277
0 0.200487 0.108225 0.035714 0.056277
0 0.278815 0.302309 0.046266 0.066378
0 0.186688 0.309524 0.040584 0.066378
0 0.392857 0.377345 0.053571 0.077922
0 0.403815 0.158009 0.047890 0.057720
0 0.438312 0.064935 0.042208 0.059163
0 0.564935 0.166667 0.043831 0.057720
0 0.469156 0.187590 0.051948 0.067821
0 0.460633 0.420635 0.057630 0.075036
0 0.536120 0.535354 0.059253 0.082251
0 0.234984 0.674603 0.051136 0.080808
0 0.359984 0.774892 0.056006 0.088023
0 0.491071 0.797980 0.060065 0.088023
0 0.614448 0.492063 0.051948 0.064935
0 0.719968 0.879509 0.058442 0.083694