0 0.015422 0.226551 0.029221 0.053391
0 0.036120 0.174603 0.034903 0.053391
0 0.122159 0.126984 0.028409 0.047619
0 0.214692 0.166667 0.041396 0.060606
0 0.279221 0.096681 0.042208 0.056277
0 0.361607 0.138528 0.044643 0.067821
0 0.484172 0.264069 0.056006 0.082251
0 0.581169 0.232323 0.060065 0.082251
0 0.551542 0.064214 0.047890 0.075036
0 0.661932 0.301587 0.052760 0.067821
0 0.746347 0.381674 0.051136 0.072150
0 0.335227 0.386724 0.056818 0.082251
0 0.181412 0.360029 0.047890 0.069264
0 0.082792 0.287879 0.037338 0.066378
0 0.140422 0.516595 0.042208 0.076479
0 0.023539 0.514430 0.035714 0.066378
0 0.067370 0.782828 0.043831 0.089466
0 0.219562 0.832612 0.047890 0.085137
0 0.269886 0.694084 0.047890 0.076479
0 0.292208 0.552670 0.051948 0.082251
0 0.416802 0.836219 0.065747 0.095238
0 0.357143 0.893939 0.058442 0.103896
0 0.462256 0.636364 0.046266 0.076479
0 0.560877 0.536075 0.068182 0.080808
0 0.629058 0.641414 0.053571 0.086580
0 0.697646 0.720779 0.056006 0.080808