0 0.066964 0.093074 0.034903 0.037518
0 0.142857 0.106061 0.037338 0.060606
0 0.230114 0.274892 0.051136 0.083694
0 0.364854 0.230159 0.039773 0.057720
0 0.370130 0.098846 0.048701 0.057720
0 0.497159 0.261183 0.056006 0.067821
0 0.565341 0.285714 0.047890 0.064935
0 0.564935 0.059885 0.048701 0.040404
0 0.634740 0.661616 0.064935 0.077922
0 0.502435 0.608947 0.064935 0.085137
0 0.359578 0.450938 0.056818 0.063492
0 0.487419 0.823954 0.051136 0.088023
0 0.382305 0.922799 0.056818 0.095238
0 0.201299 0.729437 0.048701 0.080808
0 0.091315 0.460317 0.039773 0.067821
0 0.084416 0.295815 0.030844 0.067821
0 0.034903 0.597403 0.037338 0.067821
0 0.126623 0.896104 0.045455 0.088023