1 0.162744 0.232323 0.041396 0.069264
0 0.061282 0.133478 0.030032 0.056277
0 0.087256 0.073593 0.023539 0.060606
0 0.181818 0.052670 0.030844 0.053391
0 0.240666 0.243146 0.043019 0.062049
0 0.466315 0.327561 0.054383 0.077922
0 0.507305 0.214286 0.043831 0.067821
0 0.529221 0.395382 0.063312 0.083694
0 0.631494 0.431457 0.050325 0.069264
0 0.304383 0.488456 0.053571 0.070707
0 0.213880 0.500722 0.047890 0.075036
0 0.416396 0.684704 0.064935 0.082251
0 0.514610 0.717893 0.056818 0.085137
0 0.607955 0.805195 0.064935 0.086580
0 0.729302 0.811688 0.057630 0.076479
0 0.308847 0.932179 0.060877 0.083694