0 0.121347 0.079365 0.038149 0.044733
0 0.234172 0.055556 0.038149 0.046176
0 0.300325 0.085137 0.040584 0.056277
0 0.211039 0.162338 0.040584 0.057720
0 0.172078 0.187590 0.040584 0.056277
0 0.281250 0.243867 0.047890 0.047619
0 0.431006 0.278499 0.055195 0.059163
0 0.482549 0.093795 0.046266 0.059163
0 0.559659 0.202020 0.056006 0.062049
0 0.519886 0.356421 0.056006 0.064935
0 0.636769 0.496392 0.051136 0.062049
0 0.520292 0.639971 0.056818 0.080808
0 0.661120 0.828283 0.057630 0.088023
0 0.450893 0.641414 0.056006 0.080808
0 0.247565 0.377345 0.047078 0.072150
0 0.308442 0.466089 0.050325 0.085137
0 0.086851 0.380231 0.042208 0.057720
0 0.200487 0.517316 0.042208 0.083694
0 0.060877 0.601732 0.038961 0.076479
0 0.310877 0.721501 0.053571 0.076479