0 0.045049 0.134199 0.030032 0.038961
0 0.023945 0.157287 0.021916 0.033189
0 0.164367 0.103896 0.039773 0.050505
0 0.125000 0.153680 0.037338 0.054834
0 0.088474 0.194805 0.037338 0.047619
0 0.040990 0.341991 0.038149 0.056277
0 0.166802 0.365801 0.044643 0.060606
0 0.262987 0.281385 0.048701 0.059163
0 0.317776 0.168831 0.049513 0.059163
0 0.383117 0.112554 0.043831 0.053391
0 0.276786 0.064214 0.038961 0.049062
0 0.459010 0.090909 0.041396 0.041847
0 0.546266 0.170274 0.045455 0.059163
0 0.433036 0.247475 0.059253 0.077922
0 0.513799 0.408369 0.061688 0.059163
0 0.641640 0.567100 0.049513 0.067821
0 0.613636 0.688312 0.066558 0.082251
0 0.506088 0.717893 0.060877 0.080808
0 0.409497 0.631313 0.051136 0.077922
0 0.277597 0.519481 0.050325 0.085137
0 0.122565 0.541847 0.040584 0.075036
0 0.215503 0.651515 0.047890 0.080808
0 0.297890 0.736652 0.050325 0.089466
0 0.143263 0.784993 0.039773 0.073593
0 0.050325 0.624098 0.037338 0.075036
0 0.616477 0.942641 0.073864 0.114718
0 0.720779 0.925685 0.064935 0.109668
0 0.142451 0.951659 0.036526 0.077922