1 0.120942 0.103175 0.037338 0.064935
0 0.013393 0.083694 0.026786 0.047619
0 0.199269 0.100289 0.033279 0.051948
0 0.276786 0.284993 0.047078 0.060606
0 0.176948 0.294372 0.038961 0.067821
0 0.386769 0.347763 0.046266 0.059163
0 0.455357 0.398990 0.053571 0.069264
0 0.528409 0.508658 0.058442 0.077922
0 0.605925 0.458153 0.054383 0.072150
0 0.463474 0.171717 0.051948 0.067821
0 0.402192 0.137807 0.047890 0.060606
0 0.430601 0.042569 0.044643 0.051948
0 0.556006 0.142857 0.042208 0.047619
0 0.223214 0.647186 0.053571 0.072150
0 0.352679 0.738817 0.057630 0.079365
0 0.473620 0.760462 0.052760 0.070707
0 0.593750 0.928571 0.060877 0.098124
0 0.713474 0.829004 0.058442 0.072150