0 0.030438 0.244589 0.031656 0.046176
0 0.096185 0.227994 0.036526 0.036075
0 0.140828 0.212121 0.043019 0.059163
0 0.170049 0.056277 0.038149 0.056277
0 0.228084 0.100289 0.045455 0.046176
0 0.106331 0.023449 0.035714 0.046898
0 0.375812 0.252525 0.053571 0.059163
0 0.428166 0.262626 0.059253 0.073593
0 0.534497 0.359307 0.062500 0.070707
0 0.456169 0.113276 0.048701 0.060606
0 0.572646 0.084416 0.038149 0.066378
0 0.665179 0.308081 0.054383 0.072150
0 0.640422 0.443001 0.051948 0.090909
0 0.753247 0.740981 0.043831 0.066378
0 0.788961 0.916306 0.061688 0.102453
0 0.626218 0.804473 0.077110 0.086580
0 0.435471 0.531746 0.054383 0.080808
0 0.536120 0.841270 0.068994 0.093795
0 0.464692 0.944444 0.072240 0.098124
0 0.212256 0.364358 0.051136 0.075036
0 0.316964 0.476190 0.052760 0.079365
0 0.047890 0.461760 0.042208 0.079365
0 0.205763 0.603175 0.044643 0.082251
0 0.315747 0.753968 0.055195 0.106782
0 0.261364 0.904040 0.053571 0.106782
0 0.138393 0.726551 0.041396 0.080808
0 0.103490 0.837662 0.043019 0.098124
0 0.528815 0.201299 0.052760 0.057720