0 0.083604 0.766234 0.038961 0.070707
0 0.106737 0.667388 0.044643 0.080808
0 0.040584 0.430736 0.038961 0.046176
0 0.087256 0.347042 0.039773 0.057720
0 0.028409 0.239538 0.030844 0.047619
0 0.067776 0.140693 0.034903 0.054834
0 0.158685 0.113276 0.038149 0.051948
0 0.283279 0.121212 0.040584 0.059163
0 0.353490 0.097403 0.046266 0.051948
0 0.444399 0.100289 0.051136 0.060606
0 0.538555 0.080808 0.049513 0.062049
0 0.590097 0.156566 0.045455 0.051948
0 0.562094 0.465368 0.057630 0.069264
0 0.689935 0.715729 0.060065 0.073593
0 0.521104 0.537518 0.061688 0.075036
0 0.394075 0.339827 0.044643 0.054834
0 0.373377 0.383838 0.048701 0.073593
0 0.240260 0.359307 0.045455 0.070707
0 0.143263 0.267677 0.036526 0.051948
0 0.213068 0.477633 0.044643 0.070707
0 0.147727 0.507937 0.045455 0.064935
0 0.292208 0.777778 0.055195 0.082251
0 0.373377 0.650072 0.058442 0.086580
0 0.497565 0.708514 0.068182 0.102453
0 0.261769 0.919913 0.044643 0.086580