0 0.068588 0.123377 0.033279 0.049062
0 0.030438 0.217893 0.028409 0.036075
0 0.153409 0.103896 0.040584 0.050505
0 0.275162 0.101732 0.037338 0.057720
0 0.351055 0.075758 0.043019 0.049062
0 0.445617 0.083694 0.048701 0.064935
0 0.542208 0.069264 0.048701 0.056277
0 0.588880 0.123377 0.051136 0.046176
0 0.548701 0.431457 0.056818 0.067821
0 0.377841 0.321789 0.043019 0.059163
0 0.367289 0.361472 0.047890 0.080808
0 0.233360 0.338384 0.046266 0.069264
0 0.141234 0.259740 0.038961 0.053391
0 0.084821 0.331890 0.041396 0.053391
0 0.038555 0.414863 0.038149 0.057720
0 0.142857 0.479076 0.042208 0.073593
0 0.207792 0.450938 0.047078 0.080808
0 0.364042 0.617605 0.060877 0.076479
0 0.489042 0.674603 0.065747 0.106782
0 0.507305 0.505051 0.056818 0.073593
0 0.683847 0.669553 0.056006 0.082251
0 0.280438 0.749639 0.056006 0.077922
0 0.100244 0.649351 0.043019 0.079365
0 0.075081 0.735209 0.039773 0.063492
0 0.241883 0.890332 0.047078 0.073593