0 0.016234 0.170274 0.032468 0.044733
0 0.060065 0.076479 0.030844 0.044733
0 0.123782 0.154401 0.038149 0.044733
0 0.196834 0.257576 0.044643 0.066378
0 0.239448 0.090909 0.043831 0.053391
0 0.326705 0.132756 0.047890 0.053391
0 0.402597 0.245310 0.048701 0.062049
0 0.475244 0.113276 0.051136 0.051948
0 0.557224 0.201299 0.044643 0.060606
0 0.672890 0.410534 0.047078 0.072150
0 0.615260 0.461760 0.053571 0.076479
0 0.515828 0.365079 0.047890 0.079365
0 0.504870 0.523088 0.068182 0.075036
0 0.427760 0.635642 0.053571 0.077922
0 0.543831 0.857864 0.063312 0.115440
0 0.633929 0.817460 0.064935 0.077922
0 0.711851 0.925685 0.055195 0.112554
0 0.745536 0.790043 0.056006 0.089466
0 0.275974 0.275613 0.050325 0.053391
0 0.308442 0.665224 0.056818 0.082251
0 0.183847 0.435065 0.036526 0.069264
0 0.129464 0.393939 0.049513 0.062049
0 0.073052 0.303030 0.034091 0.053391
0 0.046672 0.473304 0.036526 0.062049
0 0.021916 0.665945 0.035714 0.066378
0 0.130276 0.813131 0.049513 0.089466
0 0.087662 0.841270 0.045455 0.096681