0 0.097808 0.139971 0.034903 0.059163
0 0.179383 0.089466 0.040584 0.059163
0 0.231737 0.154401 0.041396 0.056277
0 0.323458 0.111111 0.041396 0.056277
0 0.419237 0.174603 0.046266 0.056277
0 0.515422 0.264069 0.050325 0.056277
0 0.535714 0.116162 0.040584 0.049062
0 0.448458 0.021284 0.047890 0.042568
0 0.628247 0.378788 0.050325 0.069264
0 0.497971 0.436508 0.052760 0.086580
0 0.569399 0.504329 0.054383 0.083694
0 0.701705 0.782828 0.060877 0.080808
0 0.482549 0.948413 0.059253 0.103174
0 0.353490 0.779221 0.060877 0.076479
0 0.371347 0.430736 0.052760 0.063492
0 0.263799 0.393218 0.051948 0.080808
0 0.159903 0.263348 0.038961 0.060606
0 0.178166 0.459596 0.047890 0.077922
0 0.120130 0.464646 0.042208 0.067821
0 0.240260 0.829004 0.061688 0.089466