0 0.031656 0.145022 0.032468 0.049062
0 0.088068 0.370130 0.041396 0.057720
0 0.018263 0.471861 0.036526 0.088023
0 0.176136 0.590909 0.055195 0.077922
0 0.088474 0.791486 0.043831 0.089466
0 0.289773 0.919192 0.068182 0.105339
0 0.385552 0.921356 0.076299 0.112554
0 0.406250 0.707792 0.060877 0.098124
0 0.350244 0.329004 0.064123 0.062049
0 0.228490 0.274170 0.049513 0.088023
0 0.143263 0.109668 0.046266 0.073593
0 0.220779 0.038961 0.042208 0.059163
0 0.377029 0.060606 0.052760 0.064935
0 0.498782 0.114719 0.056006 0.077922
0 0.514610 0.371573 0.063312 0.077922
0 0.230925 0.166667 0.041396 0.069264