0 0.122159 0.080087 0.033279 0.049062
0 0.200487 0.059163 0.035714 0.047619
0 0.297890 0.052670 0.035714 0.054834
0 0.383523 0.090188 0.044643 0.054834
0 0.455763 0.149351 0.056006 0.063492
0 0.500812 0.051227 0.050325 0.057720
0 0.595779 0.240260 0.048701 0.060606
0 0.420049 0.398990 0.057630 0.072150
0 0.323052 0.299423 0.047078 0.066378
0 0.229708 0.254690 0.043831 0.066378
0 0.162744 0.264069 0.044643 0.059163
0 0.220373 0.522367 0.044643 0.067821
0 0.303166 0.495671 0.051136 0.083694
0 0.400162 0.593795 0.063312 0.080808
0 0.548295 0.425685 0.059253 0.064935
0 0.655032 0.623377 0.058442 0.088023
0 0.531656 0.731602 0.069805 0.085137
0 0.652192 0.864358 0.051136 0.088023
0 0.358766 0.886724 0.058442 0.095238
0 0.175731 0.900433 0.056006 0.093795