0 0.144075 0.110390 0.036526 0.063492
0 0.075893 0.214286 0.031656 0.060606
0 0.045455 0.153680 0.037338 0.063492
0 0.154627 0.354257 0.039773 0.066378
0 0.036120 0.360750 0.030032 0.073593
0 0.258523 0.310967 0.056006 0.063492
0 0.261364 0.062771 0.040584 0.049062
0 0.363231 0.046898 0.043019 0.046176
0 0.494318 0.215007 0.050325 0.070707
0 0.604708 0.160895 0.051948 0.054834
0 0.655844 0.142136 0.047078 0.054834
0 0.465097 0.334055 0.053571 0.066378
0 0.397727 0.432900 0.053571 0.073593
0 0.574675 0.547619 0.064935 0.075036
0 0.691558 0.625541 0.066558 0.075036
0 0.637581 0.754690 0.062500 0.088023
0 0.391640 0.913420 0.056006 0.090909
0 0.234984 0.615440 0.056006 0.077922
0 0.117289 0.660173 0.041396 0.089466
0 0.028003 0.637807 0.033279 0.082251