0 0.125812 0.142136 0.038961 0.054834
0 0.221997 0.184704 0.039773 0.047619
0 0.278815 0.108947 0.044643 0.060606
0 0.368101 0.131313 0.044643 0.064935
0 0.486201 0.259740 0.060065 0.076479
0 0.581575 0.224387 0.057630 0.075036
0 0.550325 0.058442 0.042208 0.072150
0 0.686282 0.040404 0.038149 0.041847
0 0.664367 0.334776 0.054383 0.067821
0 0.748782 0.406205 0.052760 0.063492
0 0.557224 0.533189 0.065747 0.077922
0 0.633929 0.674603 0.055195 0.086580
0 0.692370 0.734488 0.064935 0.064935
0 0.473620 0.658730 0.054383 0.086580
0 0.336851 0.409812 0.060065 0.085137
0 0.186688 0.380952 0.047078 0.076479
0 0.086445 0.297980 0.039773 0.066378
0 0.042208 0.178932 0.040584 0.053391
0 0.147321 0.541126 0.041396 0.076479
0 0.300731 0.582973 0.047890 0.082251
0 0.281250 0.725830 0.052760 0.079365
0 0.224838 0.857864 0.050325 0.083694
0 0.076299 0.802309 0.047078 0.102453
0 0.026380 0.533911 0.038149 0.076479
0 0.364448 0.925685 0.061688 0.103896
0 0.425325 0.862193 0.061688 0.103896
0 0.020698 0.239538 0.030032 0.053391