0 0.075487 0.157287 0.034091 0.047619
0 0.146104 0.101010 0.037338 0.059163
0 0.232143 0.274892 0.047078 0.075036
0 0.407873 0.168831 0.041396 0.073593
0 0.411120 0.339105 0.052760 0.053391
0 0.527597 0.452381 0.061688 0.075036
0 0.604302 0.475469 0.049513 0.075036
0 0.582386 0.178932 0.052760 0.050505
0 0.398133 0.635642 0.056006 0.072150
0 0.567776 0.875180 0.068994 0.092352
0 0.685471 0.903319 0.065747 0.082251
0 0.388799 0.933622 0.058442 0.096681
0 0.234984 0.893218 0.052760 0.073593
0 0.137987 0.565657 0.040584 0.085137
0 0.065747 0.704185 0.035714 0.076479
0 0.013799 0.154401 0.027597 0.050505
0 0.124594 0.328283 0.033279 0.060606