0 0.037744 0.106061 0.034903 0.043290
0 0.142451 0.107504 0.038149 0.066378
0 0.234984 0.114719 0.044643 0.054834
0 0.349026 0.156566 0.045455 0.057720
0 0.439935 0.156566 0.053571 0.051948
0 0.523539 0.134921 0.048701 0.046176
0 0.578328 0.158730 0.052760 0.056277
0 0.573052 0.438672 0.058442 0.067821
0 0.246347 0.385281 0.056006 0.076479
0 0.150974 0.317460 0.037338 0.073593
0 0.077110 0.216450 0.038961 0.056277
0 0.052760 0.352092 0.037338 0.053391
0 0.027192 0.455267 0.034903 0.075036
0 0.065747 0.759740 0.035714 0.072150
0 0.289773 0.825397 0.055195 0.085137
0 0.390422 0.911977 0.060065 0.116883
0 0.514610 0.803030 0.056818 0.095238
0 0.689935 0.672439 0.058442 0.073593