0 0.045455 0.152237 0.035714 0.049062
0 0.076299 0.210678 0.030844 0.056277
0 0.143669 0.108947 0.035714 0.063492
0 0.253247 0.046176 0.038961 0.053391
0 0.473214 0.163781 0.048701 0.060606
0 0.580357 0.110390 0.053571 0.060606
0 0.633523 0.085137 0.046266 0.053391
0 0.463474 0.321789 0.053571 0.070707
0 0.587256 0.471140 0.059253 0.057720
0 0.670455 0.519481 0.061688 0.073593
0 0.639205 0.687590 0.059253 0.103896
0 0.391234 0.380952 0.055195 0.073593
0 0.259740 0.251804 0.053571 0.060606
0 0.148539 0.341270 0.042208 0.072150
0 0.035714 0.360029 0.029221 0.080808
0 0.086851 0.613997 0.040584 0.089466
0 0.015422 0.577922 0.030844 0.077922
0 0.243101 0.556277 0.054383 0.069264
0 0.384334 0.913420 0.060877 0.111111