0 0.082792 0.284993 0.038961 0.051948
0 0.126623 0.295094 0.040584 0.072150
0 0.135552 0.126263 0.037338 0.049062
0 0.198458 0.239538 0.043019 0.062049
0 0.210227 0.059885 0.034091 0.049062
0 0.079951 0.039683 0.030032 0.043290
0 0.327110 0.251082 0.047078 0.050505
0 0.385146 0.067100 0.044643 0.051948
0 0.477273 0.113997 0.050325 0.047619
0 0.451299 0.256854 0.045455 0.062049
0 0.506088 0.300144 0.056006 0.073593
0 0.568994 0.211400 0.048701 0.057720
0 0.629870 0.535354 0.066558 0.073593
0 0.534497 0.735209 0.056006 0.077922
0 0.630276 0.852814 0.067370 0.119769
0 0.409091 0.669553 0.058442 0.073593
0 0.290990 0.545455 0.056006 0.073593
0 0.163149 0.570707 0.040584 0.080808
0 0.274756 0.827561 0.062500 0.080808
0 0.350244 0.880952 0.064123 0.095238
0 0.121753 0.815296 0.045455 0.064935
0 0.260552 0.028499 0.035714 0.056998