0 0.045860 0.147908 0.036526 0.049062
0 0.079545 0.215007 0.035714 0.062049
0 0.144886 0.107504 0.036526 0.057720
0 0.249594 0.031746 0.039773 0.050505
0 0.470373 0.150794 0.049513 0.069264
0 0.570617 0.094517 0.051948 0.063492
0 0.624188 0.064214 0.045455 0.054834
0 0.462662 0.320346 0.053571 0.064935
0 0.581575 0.445887 0.056006 0.062049
0 0.660308 0.487013 0.057630 0.069264
0 0.635958 0.663059 0.056006 0.098124
0 0.381899 0.915584 0.057630 0.109668
0 0.253247 0.237374 0.050325 0.060606
0 0.386364 0.370130 0.050325 0.066378
0 0.244318 0.531746 0.058442 0.066378
0 0.146510 0.336219 0.044643 0.067821
0 0.037744 0.357143 0.031656 0.075036
0 0.081575 0.601732 0.039773 0.085137