0 0.027192 0.137085 0.036526 0.056277
0 0.142451 0.109668 0.043019 0.076479
0 0.220373 0.152958 0.046266 0.076479
0 0.225649 0.281385 0.053571 0.085137
0 0.354708 0.292208 0.055195 0.060606
0 0.375406 0.025613 0.052760 0.051226
0 0.210633 0.025613 0.036526 0.051226
0 0.489854 0.091631 0.056006 0.063492
0 0.509334 0.347042 0.060877 0.075036
0 0.387175 0.676046 0.060065 0.089466
0 0.284903 0.874459 0.064935 0.105339
0 0.387581 0.924964 0.068994 0.105339
0 0.162338 0.561328 0.048701 0.076479
0 0.081169 0.350649 0.040584 0.062049
0 0.077516 0.777056 0.044643 0.089466