0 0.036526 0.126984 0.034091 0.041847
0 0.018263 0.038240 0.030032 0.046176
0 0.141640 0.106782 0.036526 0.064935
0 0.077110 0.215007 0.035714 0.059163
0 0.053166 0.345599 0.034903 0.060606
0 0.147727 0.322511 0.040584 0.072150
0 0.232143 0.128427 0.043831 0.056277
0 0.240666 0.414141 0.054383 0.070707
0 0.032062 0.479076 0.036526 0.067821
0 0.083198 0.802309 0.033279 0.073593
0 0.292614 0.892496 0.062500 0.089466
0 0.388799 0.909091 0.060065 0.105339
0 0.538555 0.846320 0.059253 0.095238
0 0.599432 0.479076 0.059253 0.076479
0 0.698052 0.740260 0.061688 0.076479
0 0.352273 0.201299 0.047078 0.054834
0 0.446023 0.195527 0.056006 0.046176
0 0.527597 0.191919 0.053571 0.053391
0 0.592127 0.208514 0.057630 0.060606