1 0.147321 0.165224 0.041396 0.070707
0 0.214692 0.165945 0.038149 0.059163
0 0.036120 0.115440 0.028409 0.059163
0 0.073458 0.051948 0.030032 0.053391
0 0.195211 0.378788 0.046266 0.069264
0 0.302354 0.359307 0.054383 0.070707
0 0.433036 0.222944 0.047890 0.072150
0 0.456981 0.137807 0.047078 0.051948
0 0.499188 0.259740 0.055195 0.076479
0 0.592127 0.270563 0.046266 0.066378
0 0.674107 0.634199 0.051136 0.077922
0 0.406656 0.500722 0.056818 0.079365
0 0.467938 0.537518 0.054383 0.083694
0 0.555601 0.660895 0.057630 0.085137
0 0.262175 0.784271 0.055195 0.077922
0 0.398945 0.930014 0.064123 0.101010
0 0.543425 0.948773 0.059253 0.092352