1 0.219156 0.488456 0.045455 0.079365
0 0.129058 0.196970 0.035714 0.059163
0 0.157468 0.113276 0.037338 0.062049
0 0.234984 0.224387 0.036526 0.064935
0 0.304383 0.067100 0.043831 0.056277
0 0.399756 0.220058 0.051136 0.059163
0 0.479302 0.248196 0.051136 0.066378
0 0.533685 0.052670 0.046266 0.062049
0 0.613636 0.500000 0.058442 0.073593
0 0.503247 0.713564 0.069805 0.079365
0 0.338880 0.443001 0.049513 0.077922
0 0.594562 0.826840 0.067370 0.098124
0 0.697240 0.905483 0.063312 0.096681
0 0.377841 0.857143 0.062500 0.086580
0 0.253247 0.800144 0.056818 0.093795