0 0.077516 0.248918 0.036526 0.060606
0 0.194399 0.202020 0.039773 0.062049
0 0.312500 0.259019 0.040584 0.066378
0 0.379870 0.235931 0.050325 0.063492
0 0.492695 0.271284 0.053571 0.067821
0 0.536526 0.191198 0.047078 0.051948
0 0.643263 0.370130 0.049513 0.063492
0 0.482143 0.521645 0.047078 0.072150
0 0.453734 0.575036 0.053571 0.086580
0 0.186688 0.402597 0.045455 0.059163
0 0.292208 0.537518 0.050325 0.077922
0 0.275162 0.686869 0.048701 0.090909
0 0.203734 0.702020 0.053571 0.083694
0 0.108766 0.491342 0.038961 0.066378
0 0.042614 0.368687 0.033279 0.049062
0 0.064935 0.577922 0.040584 0.063492
0 0.030844 0.683261 0.040584 0.051948
0 0.174919 0.878788 0.052760 0.079365
0 0.150568 0.942280 0.043019 0.076479
0 0.437906 0.888889 0.072240 0.096681
0 0.596185 0.853535 0.067370 0.083694
0 0.640422 0.737374 0.058442 0.076479
0 0.760146 0.959957 0.059253 0.080086
0 0.045049 0.058442 0.031656 0.051948
0 0.084821 0.045455 0.033279 0.046176