0 0.146916 0.108225 0.045455 0.067821
0 0.025162 0.170996 0.030844 0.060606
0 0.090503 0.402597 0.039773 0.064935
0 0.030844 0.502165 0.042208 0.076479
0 0.183442 0.638528 0.056818 0.080808
0 0.112013 0.824675 0.050325 0.086580
0 0.386769 0.924242 0.072240 0.109668
0 0.440341 0.734488 0.062500 0.108225
0 0.230519 0.274170 0.053571 0.096681
0 0.242289 0.178932 0.046266 0.067821
0 0.236607 0.056277 0.039773 0.073593
0 0.384334 0.098124 0.052760 0.070707
0 0.511364 0.150794 0.056818 0.072150
0 0.517045 0.417749 0.066558 0.083694
0 0.334821 0.367244 0.059253 0.063492