0 0.030032 0.185426 0.035714 0.054834
0 0.144886 0.107504 0.043019 0.072150
0 0.230519 0.278499 0.053571 0.093795
0 0.259334 0.194805 0.043019 0.076479
0 0.256899 0.077922 0.039773 0.073593
0 0.400162 0.147186 0.058442 0.067821
0 0.531250 0.212843 0.060877 0.063492
0 0.108360 0.424964 0.044643 0.066378
0 0.047078 0.536797 0.042208 0.073593
0 0.191558 0.703463 0.055195 0.083694
0 0.133929 0.879509 0.045455 0.089466
0 0.383929 0.924242 0.064935 0.115440
0 0.478896 0.796537 0.063312 0.108225
0 0.523945 0.481962 0.060877 0.085137
0 0.343344 0.424964 0.055195 0.077922