0 0.255682 0.217172 0.045455 0.060606
0 0.316558 0.165945 0.050325 0.059163
0 0.254870 0.029582 0.037338 0.051948
0 0.152192 0.062049 0.036526 0.047619
0 0.064935 0.026696 0.030844 0.031746
0 0.111607 0.102453 0.033279 0.053391
0 0.034091 0.087302 0.030844 0.043290
0 0.012987 0.101010 0.019481 0.030303
0 0.075081 0.165945 0.034903 0.050505
0 0.152597 0.287879 0.042208 0.054834
0 0.030032 0.279221 0.034091 0.051948
0 0.368506 0.031746 0.037338 0.044733
0 0.427760 0.031025 0.040584 0.043290
0 0.525568 0.088023 0.043019 0.056277
0 0.428977 0.159452 0.056006 0.060606
0 0.501623 0.297980 0.061688 0.051948
0 0.618101 0.419192 0.049513 0.066378
0 0.592127 0.585859 0.067370 0.088023
0 0.456981 0.533911 0.058442 0.079365
0 0.359172 0.485570 0.051136 0.077922
0 0.242695 0.434343 0.047078 0.079365
0 0.107549 0.468254 0.036526 0.066378
0 0.032468 0.534632 0.043831 0.066378
0 0.098620 0.675325 0.038149 0.076479
0 0.189123 0.566378 0.050325 0.066378
0 0.251218 0.648629 0.041396 0.089466
0 0.407468 0.909812 0.063312 0.095238
0 0.102679 0.852814 0.038149 0.082251
0 0.584416 0.813131 0.073052 0.106782
0 0.687094 0.769120 0.068994 0.085137
0 0.740260 0.792208 0.056818 0.070707