0 0.053977 0.150072 0.036526 0.059163
0 0.137987 0.114719 0.042208 0.069264
0 0.224838 0.024170 0.034091 0.048340
0 0.268669 0.129149 0.047078 0.060606
0 0.359172 0.141414 0.044643 0.059163
0 0.467532 0.344877 0.060065 0.073593
0 0.525568 0.310245 0.049513 0.053391
0 0.636769 0.266955 0.054383 0.064935
0 0.695617 0.255411 0.043831 0.062049
0 0.073458 0.214286 0.038149 0.049062
0 0.041802 0.362193 0.034903 0.079365
0 0.035714 0.483405 0.038961 0.073593
0 0.159903 0.421356 0.043831 0.073593
0 0.277597 0.411977 0.056818 0.072150
0 0.403409 0.472583 0.056818 0.075036
0 0.264610 0.691919 0.060065 0.083694
0 0.159091 0.773449 0.048701 0.088023
0 0.060877 0.740981 0.038961 0.092352
0 0.548701 0.080087 0.043831 0.049062
0 0.562906 0.643579 0.067370 0.076479
0 0.711039 0.824675 0.066558 0.077922
0 0.652192 0.897547 0.064123 0.088023