0 0.028409 0.142136 0.030844 0.054834
0 0.145292 0.110390 0.040584 0.072150
0 0.226461 0.160173 0.045455 0.070707
0 0.227679 0.279221 0.056006 0.089466
0 0.354708 0.308802 0.056818 0.064935
0 0.375812 0.045455 0.053571 0.063492
0 0.215097 0.032828 0.040584 0.065656
0 0.495536 0.104618 0.054383 0.069264
0 0.515828 0.355700 0.060877 0.072150
0 0.394886 0.691919 0.060877 0.101010
0 0.170049 0.573593 0.056006 0.075036
0 0.084821 0.367244 0.038149 0.069264
0 0.083198 0.782828 0.044643 0.086580
0 0.286526 0.898268 0.066558 0.098124
0 0.386364 0.924964 0.069805 0.108225