1 0.185877 0.308081 0.043831 0.073593
0 0.088880 0.149351 0.031656 0.059163
0 0.109172 0.089466 0.023539 0.054834
0 0.203328 0.105339 0.031656 0.054834
0 0.256088 0.028860 0.038149 0.057720
0 0.391640 0.069986 0.051136 0.053391
0 0.447240 0.078644 0.047078 0.059163
0 0.558442 0.317460 0.053571 0.069264
0 0.483360 0.475469 0.060877 0.070707
0 0.554383 0.551227 0.069805 0.083694
0 0.659903 0.606061 0.058442 0.066378
0 0.279221 0.318182 0.047078 0.070707
0 0.325893 0.635642 0.056006 0.082251
0 0.213880 0.629149 0.046266 0.077922
0 0.440747 0.885281 0.069805 0.088023
0 0.540990 0.901154 0.060877 0.079365