0 0.805398 0.400000 0.110795 0.078125
0 0.694602 0.417188 0.133523 0.081250
0 0.181818 0.714063 0.159091 0.084375
0 0.911012 0.078697 0.161332 0.092606
0 0.436080 0.581250 0.144886 0.071875
0 0.144886 0.587500 0.136364 0.068750
0 0.585227 0.531250 0.159091 0.090625
0 0.578245 0.464789 0.150809 0.070422
0 0.061080 0.417188 0.122159 0.087500
0 0.105114 0.523438 0.159091 0.065625
0 0.366477 0.614844 0.142045 0.082812
0 0.548295 0.364062 0.153409 0.081250
0 0.785531 0.187324 0.156210 0.095775
0 0.205506 0.778169 0.189501 0.102817
0 0.935659 0.366901 0.128681 0.097183
0 0.411652 0.411972 0.166453 0.088732