0 0.684659 0.428125 0.130682 0.071875
0 0.360795 0.530469 0.176136 0.073438
0 0.089489 0.926562 0.144886 0.071875
0 0.549716 0.551562 0.144886 0.081250
0 0.951705 0.200781 0.096590 0.079687
0 0.840909 0.407031 0.170455 0.076563
0 0.204545 0.601562 0.187500 0.075000
0 0.106534 0.771875 0.167614 0.087500
0 0.100852 0.527344 0.173295 0.079687
0 0.161932 0.453125 0.170455 0.081250
0 0.772727 0.280469 0.153409 0.067187
0 0.507102 0.425781 0.150568 0.085938
0 0.296875 0.661719 0.156250 0.070313
0 0.263124 0.747183 0.176697 0.108451