0 0.078125 0.628906 0.139205 0.076563
0 0.955966 0.457812 0.088068 0.065625
0 0.051136 0.391406 0.102272 0.073438
0 0.524388 0.327344 0.161452 0.092188
0 0.054097 0.892771 0.108194 0.092583
0 0.237216 0.544531 0.144886 0.070313
0 0.519886 0.553906 0.130682 0.070313
0 0.534091 0.530469 0.130682 0.067187
0 0.485795 0.457031 0.136364 0.089063
0 0.251420 0.438281 0.150568 0.082812
0 0.886364 0.313281 0.147727 0.073438
0 0.782670 0.392188 0.139205 0.068750
0 0.367898 0.322656 0.144886 0.085938
0 0.183739 0.685211 0.186940 0.108451