0 0.980114 0.272656 0.039772 0.073438
0 0.930398 0.264062 0.122159 0.075000
0 0.336648 0.419531 0.167614 0.092188
0 0.047695 0.686829 0.095390 0.091967
0 0.107955 0.542969 0.170455 0.085938
0 0.582386 0.440625 0.142045 0.078125
0 0.950284 0.442187 0.099432 0.075000
0 0.875000 0.400781 0.130682 0.073438
0 0.305398 0.529688 0.167614 0.081250
0 0.857955 0.357812 0.119318 0.071875
0 0.625000 0.507812 0.130682 0.068750
0 0.421875 0.328125 0.144886 0.090625
0 0.211908 0.670423 0.176697 0.092958
0 0.620359 0.335915 0.199744 0.097183