0 0.444602 0.574219 0.173295 0.073438
0 0.971591 0.282031 0.056818 0.070313
0 0.052557 0.550781 0.105114 0.076563
0 0.688920 0.460156 0.133523 0.073438
0 0.041193 0.689844 0.082386 0.076563
0 0.842330 0.348437 0.133523 0.065625
0 0.187500 0.492969 0.159091 0.076563
0 0.687500 0.342187 0.159091 0.084375
0 0.201705 0.363281 0.164773 0.076563
0 0.214469 0.761268 0.161332 0.100000
0 0.075864 0.909859 0.151728 0.104225
0 0.675416 0.557746 0.156210 0.087324
0 0.771447 0.084507 0.184379 0.101408
0 0.562740 0.404930 0.166453 0.077465
0 0.206786 0.675352 0.176697 0.097183