0 0.977273 0.417188 0.045454 0.093750
0 0.342330 0.600781 0.144886 0.067187
0 0.953125 0.236719 0.093750 0.089063
0 0.321023 0.507031 0.170455 0.076563
0 0.970170 0.097656 0.059659 0.089063
0 0.056658 0.523261 0.113316 0.097227
0 0.971591 0.305469 0.056818 0.085938
0 0.133803 0.614789 0.158771 0.083099
0 0.754261 0.410156 0.156250 0.082812
0 0.325284 0.390625 0.173295 0.075000
0 0.066761 0.776563 0.133522 0.090625
0 0.174716 0.328906 0.184659 0.092188
0 0.518466 0.314063 0.173295 0.106250
0 0.765045 0.555634 0.161332 0.091549
0 0.814981 0.271831 0.163892 0.095775