0 0.079546 0.940625 0.142045 0.084375
0 0.093750 0.787500 0.159091 0.090625
0 0.501420 0.563281 0.150568 0.076563
0 0.151989 0.617188 0.190341 0.084375
0 0.086648 0.464844 0.161932 0.082812
0 0.625000 0.452344 0.136364 0.070313
0 0.948864 0.250781 0.102272 0.082812
0 0.734375 0.308594 0.127841 0.067187
0 0.264205 0.672656 0.159091 0.076563
0 0.430398 0.444531 0.150568 0.085938
0 0.776569 0.064789 0.163892 0.104225
0 0.836748 0.427465 0.156210 0.100000
0 0.300256 0.535915 0.184379 0.091549
0 0.234955 0.770423 0.156210 0.087324