0 0.592330 0.429688 0.139205 0.071875
0 0.294034 0.482812 0.144886 0.078125
0 0.978693 0.186719 0.042614 0.082812
0 0.973011 0.319531 0.053977 0.076563
0 0.298295 0.367188 0.147727 0.096875
0 0.805398 0.345313 0.139205 0.081250
0 0.292614 0.421875 0.147727 0.087500
0 0.063921 0.642187 0.127841 0.068750
0 0.960227 0.267188 0.079546 0.081250
0 0.372159 0.603906 0.136364 0.070313
0 0.666193 0.397656 0.144886 0.079687
0 0.160511 0.314844 0.150568 0.082812
0 0.123560 0.757746 0.163892 0.095775
0 0.913572 0.497887 0.156210 0.097183
0 0.840589 0.093662 0.184379 0.097183