0 0.455966 0.514063 0.144886 0.075000
0 0.571023 0.528125 0.147727 0.087500
0 0.975852 0.263281 0.048295 0.070313
0 0.171875 0.484375 0.173295 0.081250
0 0.792614 0.425781 0.130682 0.073438
0 0.946023 0.197656 0.107954 0.073438
0 0.761364 0.267969 0.142045 0.082812
0 0.535511 0.360156 0.144886 0.079687
0 0.630682 0.424219 0.142045 0.085938
0 0.177797 0.667132 0.168094 0.075110
0 0.350852 0.512500 0.139205 0.087500
0 0.292614 0.375781 0.181818 0.092188
0 0.629261 0.275000 0.139205 0.084375
0 0.857234 0.585915 0.186940 0.112676