0 0.980114 0.244531 0.039772 0.089063
0 0.454545 0.557813 0.170455 0.062500
0 0.752841 0.442969 0.125000 0.057813
0 0.238636 0.471094 0.164773 0.070313
0 0.052557 0.661719 0.105114 0.076563
0 0.755682 0.315625 0.136364 0.071875
0 0.282670 0.355469 0.139205 0.076563
0 0.214469 0.663380 0.151088 0.095775
0 0.246479 0.738732 0.163892 0.085915
0 0.724072 0.551408 0.151088 0.088732
0 0.757362 0.042254 0.176697 0.084507
0 0.647247 0.393662 0.171575 0.088732
0 0.902049 0.305634 0.169014 0.101408
0 0.073303 0.889437 0.146606 0.097183