0 0.257102 0.716406 0.139205 0.079687
0 0.961648 0.157813 0.076704 0.078125
0 0.173295 0.721875 0.147727 0.081250
0 0.376420 0.623438 0.139205 0.065625
0 0.110795 0.617969 0.136364 0.064062
0 0.625000 0.441406 0.142045 0.076563
0 0.068322 0.532790 0.130962 0.078081
0 0.495739 0.497656 0.161932 0.085938
0 0.767045 0.436719 0.119318 0.073438
0 0.534091 0.553906 0.153409 0.070313
0 0.389205 0.579687 0.136364 0.068750
0 0.779830 0.235938 0.133523 0.084375
0 0.467330 0.368750 0.161932 0.081250
0 0.352753 0.416901 0.171575 0.098592
0 0.919014 0.407042 0.161972 0.104225
0 0.214469 0.799296 0.186940 0.100000
0 0.885403 0.129577 0.176697 0.092958