0 0.631088 0.352092 0.077110 0.119769
0 0.532873 0.095238 0.073864 0.134199
0 0.489854 0.318182 0.077110 0.118326
0 0.556006 0.580808 0.074675 0.092352
0 0.465097 0.548341 0.077922 0.088023
0 0.363636 0.235931 0.058442 0.121212
0 0.285714 0.061328 0.063312 0.118326
0 0.267857 0.294372 0.069805 0.119769
0 0.206575 0.263348 0.049513 0.092352
0 0.126218 0.069986 0.052760 0.075036
0 0.141640 0.489899 0.070617 0.109668
0 0.183036 0.486291 0.060877 0.108225
0 0.366071 0.599567 0.086039 0.126984
0 0.111607 0.230880 0.057630 0.088023
0 0.261769 0.721501 0.067370 0.102453
1 0.027192 0.379509 0.054383 0.111111