1 0.162744 0.649351 0.078734 0.116883
0 0.592127 0.539683 0.064123 0.119769
0 0.472403 0.357864 0.073052 0.111111
0 0.404221 0.329726 0.077922 0.132756
0 0.323052 0.168831 0.081169 0.113997
0 0.251218 0.108947 0.062500 0.109668
0 0.175325 0.220779 0.073052 0.125541
0 0.137175 0.253968 0.073052 0.108225
0 0.051948 0.250361 0.051948 0.095238
0 0.193182 0.443723 0.069805 0.112554
0 0.270698 0.447330 0.067370 0.119769
0 0.345373 0.548341 0.062500 0.137085
0 0.392045 0.510823 0.064935 0.119769
0 0.488636 0.753247 0.079545 0.119769