0 0.440747 0.568543 0.076299 0.125541
0 0.547078 0.430014 0.087662 0.119769
0 0.356737 0.483405 0.081981 0.113997
0 0.372565 0.160173 0.092532 0.105339
0 0.287744 0.173160 0.088474 0.122655
0 0.260958 0.308802 0.078734 0.157287
0 0.200081 0.283550 0.073864 0.118326
0 0.115666 0.182540 0.054383 0.092352
0 0.149351 0.466089 0.071429 0.102453
0 0.073864 0.332612 0.056818 0.118326
0 0.189935 0.723665 0.079545 0.106782
0 0.244724 0.574315 0.070617 0.116883
0 0.315747 0.710678 0.090909 0.106782
0 0.255276 0.926407 0.067370 0.111111