1 0.171672 0.684704 0.088474 0.124098
0 0.478896 0.483405 0.079545 0.108225
0 0.575893 0.681818 0.080357 0.101010
0 0.416802 0.432900 0.091721 0.125541
0 0.316153 0.279221 0.081981 0.135642
0 0.256088 0.184704 0.073864 0.099567
0 0.206169 0.321068 0.069805 0.124098
0 0.144481 0.279221 0.058442 0.118326
0 0.361201 0.712121 0.068182 0.126984
0 0.428166 0.629870 0.073864 0.095238
0 0.295860 0.584416 0.072240 0.108225
0 0.219562 0.489177 0.080357 0.134199
0 0.062906 0.326840 0.064123 0.080808
0 0.448458 0.069625 0.075487 0.139250
0 0.264610 0.928571 0.079545 0.101010
0 0.174513 0.906926 0.064935 0.118326