0 0.618912 0.942280 0.080357 0.099567
0 0.588474 0.578644 0.066558 0.145743
0 0.614448 0.382395 0.061688 0.116883
0 0.493506 0.445166 0.068182 0.141414
0 0.475244 0.131313 0.067370 0.119769
0 0.404221 0.091631 0.055195 0.101010
0 0.379870 0.264791 0.073052 0.106782
0 0.338880 0.313131 0.067370 0.125541
0 0.250000 0.438672 0.082792 0.119769
0 0.163555 0.182540 0.059253 0.115440
0 0.097808 0.062049 0.054383 0.093795
0 0.389205 0.709957 0.067370 0.137085
0 0.299107 0.748918 0.073864 0.116883
0 0.202516 0.557720 0.065747 0.086580
0 0.126218 0.336219 0.062500 0.113997