0 0.659091 0.523810 0.084416 0.111111
0 0.557630 0.232323 0.077922 0.111111
0 0.459416 0.054473 0.058442 0.108946
0 0.399351 0.064214 0.068182 0.109668
0 0.358360 0.261183 0.064123 0.096681
0 0.310065 0.216450 0.081169 0.116883
0 0.197240 0.190476 0.066558 0.093795
0 0.496753 0.429293 0.084416 0.118326
0 0.433847 0.535354 0.073864 0.113997
0 0.340097 0.645743 0.076299 0.124098
0 0.289773 0.494949 0.058442 0.093795
0 0.180195 0.426407 0.061688 0.118326
0 0.109578 0.139250 0.055195 0.092352
0 0.121347 0.046537 0.059253 0.093074
0 0.558442 0.673882 0.076299 0.125541
0 0.178166 0.774892 0.073864 0.137085
1 0.098214 0.523810 0.100649 0.137085