0 0.480114 0.666667 0.091721 0.148629
0 0.400568 0.665224 0.096591 0.163059
0 0.313718 0.559885 0.081981 0.142857
0 0.322646 0.305195 0.080357 0.121212
0 0.406250 0.366522 0.078734 0.137085
0 0.474838 0.196248 0.089286 0.137085
0 0.247159 0.112554 0.064123 0.125541
0 0.222403 0.213564 0.077922 0.128427
0 0.150568 0.168831 0.060877 0.102453
0 0.096185 0.119048 0.054383 0.095238
0 0.054789 0.204906 0.057630 0.128427
0 0.133929 0.381674 0.068182 0.106782
0 0.211445 0.447330 0.065747 0.137085
0 0.175325 0.671717 0.060065 0.112554