0 0.310065 0.682540 0.073052 0.128427
0 0.336039 0.328283 0.082792 0.103896
0 0.427354 0.263348 0.080357 0.106782
0 0.450893 0.097403 0.075487 0.121212
0 0.543831 0.260462 0.073052 0.109668
0 0.603084 0.104618 0.082792 0.115440
0 0.245130 0.119048 0.068182 0.106782
0 0.177354 0.062049 0.060877 0.088023
0 0.148133 0.272006 0.067370 0.129870
0 0.091721 0.323954 0.058442 0.106782
0 0.203734 0.616883 0.071429 0.103896
0 0.239448 0.435786 0.069805 0.111111
0 0.405032 0.583694 0.069805 0.089466
0 0.520698 0.668831 0.068994 0.095238