0 0.575893 0.572150 0.093344 0.126984
0 0.461039 0.284271 0.081169 0.096681
0 0.366883 0.085137 0.073052 0.131313
0 0.269481 0.111833 0.073052 0.118326
0 0.258117 0.260462 0.069805 0.135642
0 0.344156 0.375902 0.071429 0.129870
0 0.091315 0.211400 0.049513 0.098124
0 0.165179 0.674603 0.060877 0.115440
0 0.271916 0.513709 0.068182 0.108225
0 0.323052 0.603896 0.074675 0.118326
0 0.400974 0.670274 0.082792 0.103896
0 0.252029 0.926407 0.075487 0.111111
0 0.217127 0.680375 0.072240 0.112554
0 0.150974 0.242424 0.060065 0.102453