0 0.659497 0.425685 0.078734 0.102453
0 0.549513 0.162338 0.064935 0.112554
0 0.480519 0.347042 0.082792 0.115440
0 0.568182 0.612554 0.077922 0.106782
0 0.435065 0.457431 0.081169 0.119769
0 0.356331 0.206349 0.060065 0.108225
0 0.280438 0.145743 0.062500 0.096681
0 0.175731 0.132035 0.064123 0.089466
0 0.102679 0.116883 0.049513 0.079365
0 0.172078 0.412698 0.056818 0.116883
0 0.268669 0.406205 0.068182 0.121212
0 0.335633 0.547619 0.068994 0.115440
0 0.277192 0.751082 0.062500 0.092352
0 0.183036 0.744589 0.067370 0.116883
1 0.079951 0.541847 0.090097 0.118326