0 0.485390 0.725108 0.086039 0.118326
0 0.578328 0.510101 0.094968 0.098124
0 0.451299 0.244589 0.077922 0.112554
0 0.366071 0.064574 0.071429 0.129148
0 0.340503 0.331169 0.072240 0.138528
0 0.270698 0.109668 0.070617 0.111111
0 0.255682 0.240981 0.077922 0.119769
0 0.157468 0.219336 0.061688 0.090909
0 0.088880 0.169553 0.059253 0.101010
0 0.176948 0.680375 0.056818 0.086580
0 0.281250 0.479076 0.064123 0.090909
0 0.321834 0.575758 0.077110 0.113997
0 0.411120 0.634921 0.077110 0.105339
0 0.308036 0.938312 0.072240 0.123376