0 0.632711 0.455988 0.073864 0.119769
0 0.626218 0.137807 0.056006 0.124098
0 0.509334 0.172439 0.065747 0.103896
0 0.487419 0.388889 0.068994 0.112554
0 0.390422 0.261183 0.061688 0.119769
0 0.310471 0.300144 0.064123 0.128427
0 0.223620 0.209235 0.064123 0.105339
0 0.123782 0.203463 0.052760 0.090909
0 0.061282 0.085137 0.052760 0.090909
0 0.240260 0.709235 0.053571 0.129870
0 0.331575 0.630592 0.080357 0.139971
0 0.558036 0.738095 0.077110 0.098124
0 0.262581 0.939394 0.073864 0.099567
0 0.174107 0.771284 0.060877 0.118326
0 0.397727 0.639250 0.066558 0.119769
0 0.233766 0.352092 0.063312 0.108225