0 0.565341 0.711400 0.078734 0.128427
0 0.465097 0.404040 0.084416 0.111111
0 0.376218 0.176768 0.070617 0.129870
0 0.299919 0.154401 0.075487 0.122655
0 0.282062 0.357864 0.080357 0.125541
0 0.356737 0.479076 0.081981 0.122655
0 0.171672 0.346320 0.057630 0.085137
0 0.108360 0.284993 0.065747 0.092352
0 0.098214 0.060606 0.060065 0.090909
0 0.033279 0.055556 0.051948 0.109668
0 0.161120 0.681097 0.059253 0.116883
0 0.278003 0.662338 0.059253 0.128427
0 0.323052 0.755411 0.066558 0.135642
0 0.212256 0.756133 0.064123 0.102453