0 0.261364 0.062410 0.066558 0.124820
0 0.439123 0.111833 0.077922 0.103896
0 0.574675 0.338384 0.077922 0.092352
0 0.478490 0.582973 0.081981 0.102453
0 0.396104 0.445166 0.071429 0.089466
0 0.301948 0.409091 0.074675 0.109668
0 0.325487 0.205628 0.066558 0.132756
0 0.221591 0.186869 0.069805 0.115440
0 0.062500 0.086580 0.053571 0.085137
0 0.148539 0.095960 0.051948 0.089466
0 0.213068 0.341991 0.062500 0.108225
0 0.196834 0.548341 0.065747 0.105339
0 0.165179 0.626984 0.064123 0.092352
0 0.269886 0.774170 0.090097 0.103896