0 0.557630 0.299423 0.063312 0.118326
0 0.492695 0.402597 0.068182 0.105339
0 0.448052 0.513709 0.073052 0.105339
0 0.390828 0.139971 0.070617 0.125541
0 0.340097 0.357143 0.063312 0.135642
0 0.242695 0.118326 0.060065 0.119769
0 0.291802 0.385281 0.070617 0.122655
0 0.188718 0.239538 0.068994 0.105339
0 0.129464 0.328283 0.073864 0.112554
0 0.054789 0.455267 0.059253 0.086580
0 0.239042 0.579365 0.062500 0.132756
0 0.297890 0.780664 0.064935 0.099567
0 0.213880 0.723665 0.060877 0.098124
0 0.177354 0.651515 0.070617 0.112554
0 0.369724 0.939394 0.078734 0.108225