1 0.091721 0.519481 0.092532 0.116883
0 0.179383 0.426407 0.061688 0.132756
0 0.487013 0.386003 0.087662 0.112554
0 0.665179 0.468254 0.067370 0.106782
0 0.547890 0.173882 0.077922 0.103896
0 0.364042 0.238095 0.062500 0.096681
0 0.289773 0.193362 0.069805 0.105339
0 0.186282 0.173882 0.068994 0.103896
0 0.104302 0.134921 0.060877 0.095238
0 0.285308 0.461039 0.065747 0.124098
0 0.435065 0.505772 0.077922 0.118326
0 0.560065 0.631313 0.084416 0.121212
0 0.336851 0.596681 0.069805 0.098124
0 0.275568 0.785714 0.062500 0.072150
0 0.181818 0.762626 0.068182 0.115440
0 0.177354 0.927128 0.067370 0.092352