0 0.488231 0.720058 0.077110 0.113997
0 0.409497 0.719336 0.090097 0.115440
0 0.314935 0.582251 0.079545 0.098124
0 0.415584 0.406926 0.077922 0.125541
0 0.489854 0.252525 0.091721 0.119769
0 0.328734 0.326118 0.084416 0.116883
0 0.256899 0.142857 0.065747 0.128427
0 0.230925 0.233045 0.081981 0.132756
0 0.155438 0.186147 0.059253 0.111111
0 0.101867 0.137085 0.052760 0.105339
0 0.054789 0.223665 0.056006 0.105339
0 0.141234 0.409091 0.058442 0.121212
0 0.226055 0.474747 0.064123 0.119769
0 0.179383 0.669553 0.071429 0.105339