0 0.451299 0.764069 0.087662 0.118326
0 0.549513 0.584416 0.079545 0.111111
0 0.419237 0.301587 0.065747 0.128427
0 0.460633 0.155844 0.060877 0.131313
0 0.291396 0.106782 0.060065 0.139971
0 0.227679 0.049062 0.057630 0.093795
0 0.210227 0.233045 0.060065 0.126984
0 0.127435 0.106782 0.066558 0.111111
0 0.073458 0.229437 0.065747 0.111111
0 0.223214 0.459596 0.069805 0.138528
0 0.286526 0.514430 0.064935 0.121212
0 0.360795 0.681097 0.065747 0.113997
0 0.194399 0.647908 0.054383 0.125541
0 0.141234 0.599567 0.073052 0.138528