1 0.178166 0.689033 0.083604 0.141414
0 0.426542 0.458874 0.090097 0.125541
0 0.483360 0.533911 0.088474 0.105339
0 0.315341 0.337662 0.073864 0.122655
0 0.257711 0.204185 0.060877 0.092352
0 0.448458 0.104618 0.070617 0.124098
0 0.573864 0.723665 0.061688 0.089466
0 0.436282 0.681097 0.062500 0.105339
0 0.374188 0.774170 0.079545 0.115440
0 0.299919 0.622655 0.067370 0.109668
0 0.227679 0.518038 0.078734 0.139971
0 0.204545 0.334776 0.082792 0.134199
0 0.150974 0.291486 0.076299 0.113997
0 0.063312 0.347763 0.073052 0.085137
0 0.468344 0.924964 0.082792 0.102453