0 0.642045 0.616162 0.076299 0.137085
0 0.545860 0.307359 0.080357 0.134199
0 0.517045 0.565657 0.074675 0.116883
0 0.419643 0.417749 0.066558 0.118326
0 0.420049 0.179654 0.064123 0.124098
0 0.332792 0.450216 0.060065 0.148629
0 0.266640 0.492063 0.062500 0.113997
0 0.243506 0.272727 0.061688 0.113997
0 0.163555 0.337662 0.052760 0.088023
0 0.082386 0.147186 0.047890 0.088023
0 0.456981 0.946609 0.079545 0.096681
0 0.677760 0.357143 0.053571 0.121212
0 0.266234 0.059885 0.058442 0.109668
0 0.320617 0.047980 0.056818 0.095960