0 0.610795 0.295815 0.077110 0.105339
0 0.450081 0.220779 0.065747 0.088023
0 0.547078 0.549062 0.069805 0.086580
0 0.344562 0.120491 0.067370 0.106782
0 0.272727 0.160895 0.063312 0.109668
0 0.198864 0.138528 0.053571 0.099567
0 0.453734 0.628427 0.079545 0.092352
0 0.372159 0.455988 0.060877 0.122655
0 0.304789 0.448052 0.077110 0.121212
0 0.219968 0.551948 0.066558 0.129870
0 0.173701 0.739538 0.081169 0.109668
0 0.294237 0.786436 0.075487 0.096681
0 0.213068 0.917749 0.070617 0.105339
0 0.178166 0.243146 0.072240 0.115440
0 0.089692 0.069986 0.047890 0.098124