0 0.295860 0.794372 0.077110 0.095238
0 0.457792 0.556999 0.077922 0.099567
0 0.511364 0.452381 0.074675 0.109668
0 0.566153 0.342713 0.070617 0.112554
0 0.393669 0.159452 0.068182 0.132756
0 0.353084 0.380952 0.066558 0.148629
0 0.314529 0.414141 0.072240 0.165945
0 0.253653 0.150072 0.059253 0.157287
0 0.196023 0.249639 0.075487 0.116883
0 0.140016 0.340548 0.090097 0.125541
0 0.172484 0.653680 0.073864 0.105339
0 0.071429 0.499278 0.055195 0.108225
0 0.247971 0.614719 0.062500 0.139971
0 0.214286 0.767677 0.066558 0.093795