0 0.579140 0.435065 0.078734 0.138528
0 0.640422 0.254690 0.061688 0.126984
0 0.480519 0.152237 0.079545 0.112554
0 0.349838 0.059885 0.056818 0.098124
0 0.433847 0.295094 0.083604 0.109668
0 0.490666 0.673882 0.062500 0.122655
0 0.612825 0.725108 0.084416 0.098124
0 0.398945 0.644300 0.075487 0.112554
0 0.268669 0.607504 0.063312 0.090909
0 0.325893 0.342713 0.064123 0.121212
0 0.245536 0.273449 0.057630 0.103896
0 0.188312 0.326840 0.055195 0.072150
0 0.159091 0.398268 0.063312 0.099567
0 0.171266 0.696970 0.064935 0.113997
1 0.090097 0.566378 0.089286 0.118326