0 0.622565 0.275613 0.076299 0.122655
0 0.568182 0.483405 0.077922 0.085137
0 0.487825 0.241703 0.073052 0.112554
0 0.357549 0.166667 0.067370 0.115440
0 0.456981 0.463925 0.074675 0.109668
0 0.402192 0.791486 0.067370 0.075036
0 0.360795 0.513709 0.085227 0.108225
0 0.266640 0.225108 0.070617 0.113997
0 0.260146 0.622655 0.067370 0.115440
0 0.209010 0.213564 0.060877 0.085137
0 0.163961 0.429293 0.063312 0.101010
0 0.114042 0.435786 0.064123 0.093795
0 0.096185 0.213564 0.059253 0.113997
0 0.484984 0.922078 0.068994 0.105339