0 0.657468 0.627706 0.074675 0.102453
0 0.572646 0.299423 0.075487 0.115440
0 0.463880 0.155844 0.073864 0.113997
0 0.404221 0.116883 0.066558 0.122655
0 0.363231 0.335498 0.064123 0.086580
0 0.319805 0.305195 0.064935 0.101010
0 0.224838 0.257576 0.066558 0.098124
0 0.138799 0.084416 0.061688 0.115440
0 0.135552 0.182540 0.066558 0.106782
0 0.186282 0.432900 0.067370 0.116883
0 0.294643 0.599567 0.069805 0.109668
0 0.239854 0.566378 0.068994 0.103896
0 0.502841 0.531746 0.078734 0.118326
0 0.439935 0.640693 0.089286 0.119769
0 0.553977 0.746753 0.090097 0.112554
0 0.347403 0.751082 0.074675 0.112554
0 0.181006 0.770563 0.069805 0.113997
1 0.115666 0.520202 0.085227 0.135642