0 0.524351 0.079365 0.060065 0.134199
0 0.466721 0.196248 0.071429 0.111111
0 0.546266 0.634199 0.084416 0.101010
0 0.430195 0.344877 0.066558 0.102453
0 0.458604 0.782107 0.089286 0.105339
0 0.365666 0.723665 0.073864 0.118326
0 0.290584 0.559885 0.073052 0.128427
0 0.227273 0.489177 0.060065 0.134199
0 0.219562 0.253247 0.056006 0.106782
0 0.298295 0.141414 0.054383 0.139971
0 0.227679 0.053030 0.057630 0.106060
0 0.133929 0.118326 0.061688 0.099567
0 0.081575 0.248918 0.075487 0.106782
0 0.137175 0.604618 0.074675 0.125541
0 0.189935 0.659452 0.061688 0.134199