0 0.614042 0.098846 0.059253 0.106782
0 0.629870 0.549784 0.079545 0.122655
0 0.564123 0.282107 0.073052 0.135642
0 0.430601 0.128427 0.067370 0.099567
0 0.307224 0.207792 0.060877 0.108225
0 0.224026 0.151515 0.064935 0.116883
0 0.177354 0.215007 0.046266 0.085137
0 0.142451 0.313131 0.067370 0.113997
0 0.390828 0.455267 0.078734 0.112554
0 0.505276 0.507937 0.065747 0.119769
0 0.370942 0.803752 0.073052 0.102453
0 0.454545 0.782828 0.074675 0.092352
0 0.212256 0.689755 0.067370 0.093795
0 0.251623 0.473304 0.061688 0.099567
0 0.294237 0.480519 0.064123 0.102453
0 0.156656 0.635642 0.060065 0.101010
1 0.090909 0.557720 0.081169 0.118326