0 0.636769 0.495671 0.073864 0.115440
0 0.639610 0.183983 0.053571 0.132756
0 0.523945 0.206349 0.072240 0.113997
0 0.497159 0.422799 0.073864 0.111111
0 0.397727 0.297258 0.058442 0.125541
0 0.316964 0.323954 0.070617 0.135642
0 0.247159 0.387446 0.065747 0.098124
0 0.233360 0.217172 0.060877 0.103896
0 0.062906 0.092352 0.057630 0.090909
0 0.338068 0.696970 0.073864 0.122655
0 0.396916 0.673882 0.071429 0.125541
0 0.555195 0.784271 0.060065 0.095238
0 0.243101 0.750361 0.062500 0.131313
0 0.132305 0.243867 0.047078 0.088023
0 0.392451 0.059524 0.065747 0.119048