0 0.628653 0.415584 0.073864 0.113997
0 0.480519 0.347042 0.068182 0.089466
0 0.377029 0.217893 0.065747 0.125541
0 0.302760 0.261905 0.068182 0.126984
0 0.219156 0.313131 0.063312 0.105339
0 0.215909 0.193362 0.061688 0.111111
0 0.116071 0.177489 0.050325 0.085137
0 0.059253 0.080087 0.053571 0.077922
0 0.560877 0.694084 0.071429 0.108225
0 0.452110 0.769120 0.079545 0.085137
0 0.395698 0.602453 0.065747 0.112554
0 0.328328 0.593795 0.083604 0.121212
0 0.241071 0.659452 0.063312 0.131313
0 0.179789 0.762626 0.059253 0.126984
0 0.493912 0.126984 0.073864 0.111111
0 0.616883 0.106061 0.055195 0.106782