0 0.450487 0.664502 0.069805 0.092352
0 0.498377 0.322511 0.076299 0.106782
0 0.372971 0.287879 0.067370 0.106782
0 0.293019 0.106061 0.074675 0.129870
0 0.520292 0.046537 0.063312 0.093074
0 0.289367 0.448052 0.065747 0.112554
0 0.271510 0.528139 0.070617 0.085137
0 0.138799 0.451659 0.073052 0.093795
0 0.146510 0.177489 0.062500 0.113997
0 0.203734 0.169553 0.050325 0.092352
0 0.067776 0.069986 0.054383 0.080808
0 0.042614 0.180375 0.064123 0.088023
0 0.204140 0.744589 0.062500 0.105339
0 0.368101 0.684704 0.072240 0.103896