0 0.705357 0.575758 0.061688 0.131313
0 0.631899 0.744589 0.077110 0.113997
0 0.575893 0.432900 0.078734 0.113997
0 0.543019 0.677489 0.079545 0.121212
0 0.451299 0.545455 0.071429 0.102453
0 0.451705 0.292208 0.067370 0.135642
0 0.549919 0.116162 0.062500 0.112554
0 0.348620 0.129149 0.056006 0.098124
0 0.299919 0.144300 0.060877 0.113997
0 0.238636 0.311688 0.068182 0.116883
0 0.092532 0.218615 0.047078 0.092352
0 0.153409 0.061328 0.051948 0.101010
0 0.187906 0.413420 0.052760 0.095238
0 0.355925 0.562771 0.065747 0.134199
0 0.286526 0.607504 0.064935 0.096681
0 0.232549 0.942280 0.056006 0.088023