0 0.283685 0.074675 0.064123 0.149350
0 0.413149 0.269841 0.064935 0.119769
0 0.547484 0.533911 0.070617 0.125541
0 0.448864 0.763348 0.076299 0.096681
0 0.358360 0.637807 0.070617 0.134199
0 0.275162 0.450938 0.073052 0.132756
0 0.220779 0.450938 0.073052 0.132756
0 0.209416 0.220779 0.056818 0.116883
0 0.119318 0.093795 0.060065 0.102453
0 0.058847 0.219336 0.068994 0.111111
0 0.137581 0.575036 0.070617 0.124098
0 0.188718 0.663781 0.060877 0.108225
0 0.454951 0.125541 0.062500 0.102453
0 0.294237 0.919913 0.073864 0.115440