1 0.126623 0.538961 0.089286 0.158730
0 0.138799 0.190476 0.068182 0.099567
0 0.465503 0.194805 0.073864 0.113997
0 0.413149 0.174603 0.068182 0.119769
0 0.577110 0.348485 0.071429 0.138528
0 0.651786 0.669553 0.082792 0.116883
0 0.557630 0.774170 0.084416 0.138528
0 0.509334 0.575758 0.080357 0.125541
0 0.370942 0.370130 0.058442 0.109668
0 0.323052 0.340548 0.068182 0.134199
0 0.244318 0.295815 0.071429 0.113997
0 0.184253 0.436508 0.064935 0.129870
0 0.302354 0.660895 0.068994 0.096681
0 0.434659 0.678932 0.073864 0.115440
0 0.346185 0.795815 0.080357 0.126984
0 0.187500 0.770563 0.066558 0.134199
0 0.254058 0.595960 0.074675 0.093795
0 0.145292 0.111111 0.060065 0.108225
0 0.023945 0.121934 0.047890 0.101010