0 0.476055 0.452381 0.080357 0.103896
0 0.564935 0.751804 0.087662 0.113997
0 0.384740 0.212843 0.076299 0.141414
0 0.316153 0.164502 0.091721 0.131313
0 0.288149 0.405483 0.066558 0.108225
0 0.176542 0.386003 0.054383 0.106782
0 0.108766 0.308081 0.063312 0.092352
0 0.101055 0.064935 0.047890 0.119769
0 0.040990 0.080087 0.057630 0.118326
0 0.181818 0.058802 0.063312 0.117604
0 0.162744 0.671717 0.077110 0.103896
0 0.284497 0.694805 0.078734 0.121212
0 0.328734 0.761183 0.076299 0.150072
0 0.204545 0.751082 0.064935 0.124098
0 0.358360 0.502165 0.090097 0.154401