0 0.549107 0.307359 0.068994 0.108225
0 0.607955 0.139971 0.069805 0.111111
0 0.456169 0.124098 0.069805 0.105339
0 0.433847 0.312410 0.068994 0.112554
0 0.339286 0.362193 0.084416 0.113997
0 0.246347 0.144300 0.060877 0.119769
0 0.147321 0.302309 0.060877 0.109668
0 0.094562 0.347042 0.065747 0.106782
0 0.093344 0.186869 0.053571 0.092352
0 0.181818 0.079365 0.048701 0.090909
0 0.245942 0.468254 0.064935 0.118326
0 0.209416 0.657287 0.069805 0.098124
0 0.515422 0.704185 0.069805 0.096681
0 0.408279 0.635642 0.073052 0.083694
0 0.312906 0.715007 0.070617 0.112554