1 0.094562 0.572872 0.086851 0.116883
0 0.152597 0.374459 0.060065 0.101010
0 0.429789 0.250361 0.065747 0.109668
0 0.467127 0.102453 0.065747 0.111111
0 0.635146 0.208514 0.060877 0.124098
0 0.613231 0.678211 0.081981 0.108225
0 0.578734 0.383838 0.087662 0.142857
0 0.325081 0.311688 0.056006 0.099567
0 0.245942 0.246032 0.069805 0.095238
0 0.190341 0.297980 0.056006 0.080808
0 0.255682 0.566378 0.069805 0.106782
0 0.308036 0.601732 0.057630 0.113997
0 0.392045 0.582973 0.077922 0.119769
0 0.495536 0.623377 0.067370 0.142857
0 0.349026 0.920635 0.079545 0.125541
0 0.174919 0.689033 0.073864 0.109668