1 0.087256 0.531025 0.091721 0.108225
0 0.140016 0.287879 0.056006 0.106782
0 0.560877 0.251804 0.076299 0.141414
0 0.612419 0.066378 0.062500 0.105339
0 0.422078 0.095238 0.068182 0.105339
0 0.301948 0.176046 0.063312 0.102453
0 0.219562 0.111833 0.057630 0.121212
0 0.171266 0.183983 0.047078 0.095238
0 0.241883 0.434343 0.063312 0.088023
0 0.290990 0.447330 0.065747 0.125541
0 0.633117 0.507937 0.081169 0.122655
0 0.530438 0.752525 0.075487 0.083694
0 0.455763 0.722944 0.086851 0.113997
0 0.367695 0.772727 0.081169 0.115440
0 0.390422 0.398990 0.084416 0.109668
0 0.215503 0.647908 0.068994 0.090909
0 0.158685 0.609668 0.075487 0.092352
0 0.249594 0.899711 0.051136 0.080808
0 0.505682 0.466089 0.071429 0.119769