1 0.193182 0.712843 0.074675 0.142857
0 0.456169 0.173882 0.073052 0.103896
0 0.492289 0.619769 0.081981 0.126984
0 0.429789 0.550505 0.081981 0.135642
0 0.573864 0.800866 0.076299 0.125541
0 0.328328 0.398268 0.077110 0.125541
0 0.256494 0.243867 0.066558 0.105339
0 0.228084 0.378066 0.071429 0.108225
0 0.249594 0.587302 0.077110 0.139971
0 0.137581 0.345599 0.056006 0.106782
0 0.077110 0.406205 0.055195 0.080808
0 0.190747 0.055556 0.060065 0.098124
0 0.380682 0.077201 0.061688 0.092352
0 0.437500 0.772727 0.074675 0.095238
0 0.316153 0.720779 0.070617 0.098124