1 0.091315 0.577922 0.085227 0.132756
0 0.576705 0.505051 0.086851 0.139971
0 0.647727 0.322511 0.086039 0.109668
0 0.535714 0.078644 0.066558 0.103896
0 0.479302 0.235209 0.078734 0.122655
0 0.355114 0.126263 0.064123 0.092352
0 0.446834 0.372294 0.091721 0.088023
0 0.334416 0.455267 0.077922 0.106782
0 0.268263 0.341270 0.073864 0.098124
0 0.271510 0.095238 0.077110 0.099567
0 0.170860 0.090188 0.062500 0.101010
0 0.088880 0.074315 0.057630 0.077922
0 0.176136 0.413420 0.063312 0.103896
0 0.206575 0.388167 0.054383 0.099567
0 0.262987 0.683261 0.060065 0.095238
0 0.178977 0.728716 0.064123 0.128427
0 0.398945 0.728716 0.090097 0.131313
0 0.490666 0.742424 0.075487 0.112554