0 0.550325 0.352814 0.064935 0.101010
0 0.616071 0.175325 0.068182 0.103896
0 0.465503 0.154401 0.073864 0.108225
0 0.442776 0.357864 0.059253 0.090909
0 0.407062 0.688312 0.064123 0.088023
0 0.342127 0.409812 0.077110 0.113997
0 0.339692 0.067821 0.059253 0.125541
0 0.256088 0.169553 0.064123 0.118326
0 0.193588 0.126984 0.051136 0.088023
0 0.150568 0.318182 0.057630 0.118326
0 0.099838 0.370851 0.066558 0.088023
0 0.250000 0.502886 0.061688 0.106782
0 0.305601 0.735931 0.075487 0.122655
0 0.206169 0.696970 0.071429 0.096681
0 0.094968 0.189033 0.051948 0.105339