0 0.647727 0.279942 0.064935 0.113997
0 0.538555 0.067821 0.057630 0.099567
0 0.577516 0.481962 0.078734 0.128427
0 0.608766 0.777056 0.079545 0.098124
0 0.429789 0.323954 0.072240 0.112554
0 0.480114 0.207071 0.073864 0.121212
0 0.355519 0.094517 0.056818 0.103896
0 0.258117 0.067100 0.058442 0.106782
0 0.168425 0.069264 0.056006 0.111111
0 0.091721 0.065657 0.060065 0.080808
0 0.166396 0.411977 0.064935 0.124098
0 0.198052 0.350649 0.056818 0.113997
0 0.254464 0.308081 0.057630 0.121212
0 0.398133 0.685426 0.073864 0.119769
0 0.492695 0.709957 0.079545 0.116883
0 0.273133 0.652237 0.060877 0.082251
0 0.182630 0.715729 0.066558 0.108225
0 0.329951 0.405483 0.064123 0.137085
1 0.090909 0.572150 0.082792 0.103896