1 0.103490 0.510101 0.090097 0.150072
0 0.188312 0.442280 0.069805 0.121212
0 0.665584 0.569264 0.066558 0.118326
0 0.565341 0.257576 0.064123 0.132756
0 0.463068 0.090188 0.062500 0.124098
0 0.402192 0.077922 0.073864 0.119769
0 0.362419 0.298701 0.064123 0.105339
0 0.313312 0.251082 0.066558 0.119769
0 0.212662 0.219336 0.061688 0.105339
0 0.129058 0.059163 0.060065 0.116883
0 0.122565 0.162338 0.064935 0.095238
0 0.437906 0.574315 0.083604 0.134199
0 0.506088 0.484127 0.073864 0.126984
0 0.555195 0.706349 0.079545 0.118326
0 0.344562 0.695527 0.081981 0.142857
0 0.289773 0.536075 0.066558 0.124098
0 0.172078 0.774892 0.053571 0.105339
0 0.242289 0.534632 0.062500 0.101010
0 0.375406 0.943001 0.085227 0.101010
0 0.474838 0.940476 0.074675 0.119048