0 0.319805 0.281385 0.076299 0.134199
0 0.400568 0.347042 0.080357 0.126984
0 0.469562 0.158730 0.083604 0.137085
0 0.245130 0.096681 0.066558 0.128427
0 0.209821 0.199134 0.072240 0.131313
0 0.157468 0.158730 0.079545 0.116883
0 0.101867 0.114719 0.072240 0.092352
0 0.049513 0.165945 0.071429 0.122655
0 0.124188 0.373016 0.061688 0.115440
0 0.208198 0.435786 0.060877 0.142857
0 0.301136 0.493506 0.081169 0.137085
0 0.409497 0.641414 0.091721 0.144300
0 0.478084 0.622655 0.087662 0.138528
0 0.260146 0.769841 0.083604 0.106782
0 0.174107 0.660895 0.070617 0.128427