0 0.594562 0.479076 0.067370 0.113997
0 0.405032 0.279942 0.069805 0.134199
0 0.320211 0.125541 0.072240 0.119769
0 0.248782 0.067821 0.068994 0.096681
0 0.165584 0.198413 0.063312 0.112554
0 0.142857 0.245310 0.060065 0.111111
0 0.046672 0.215729 0.054383 0.077922
0 0.259740 0.419913 0.079545 0.108225
0 0.336039 0.489177 0.071429 0.125541
0 0.383117 0.479798 0.060065 0.103896
0 0.488231 0.702742 0.085227 0.128427
0 0.413555 0.796537 0.078734 0.108225
0 0.193588 0.455267 0.067370 0.124098
0 0.470779 0.323954 0.079545 0.109668
1 0.156656 0.614719 0.079545 0.125541