0 0.354302 0.058802 0.090097 0.117604
0 0.498782 0.306638 0.077110 0.121212
0 0.426136 0.448052 0.079545 0.112554
0 0.344968 0.345599 0.086039 0.138528
0 0.260958 0.150794 0.075487 0.124098
0 0.232143 0.245310 0.069805 0.142857
0 0.165179 0.204185 0.062500 0.112554
0 0.104302 0.148629 0.051136 0.119769
0 0.066153 0.245310 0.067370 0.119769
0 0.149351 0.409812 0.056818 0.102453
0 0.230114 0.481962 0.062500 0.137085
0 0.316558 0.607504 0.081169 0.139971
0 0.175325 0.669553 0.060065 0.113997
0 0.413149 0.754690 0.073052 0.099567
0 0.492289 0.757576 0.086851 0.122655