0 0.624188 0.248918 0.073052 0.101010
0 0.563718 0.447330 0.070617 0.088023
0 0.483766 0.224387 0.074675 0.144300
0 0.448458 0.424242 0.068994 0.102453
0 0.355114 0.479798 0.085227 0.126984
0 0.353490 0.133478 0.065747 0.129870
0 0.263799 0.208514 0.073052 0.129870
0 0.196429 0.165945 0.058442 0.099567
0 0.153815 0.383838 0.057630 0.108225
0 0.251218 0.597403 0.062500 0.113997
0 0.415179 0.746753 0.072240 0.092352
0 0.298701 0.787879 0.073052 0.125541
0 0.114448 0.419913 0.066558 0.096681
0 0.090503 0.207071 0.054383 0.106782
0 0.201299 0.770563 0.076299 0.099567