0 0.325487 0.941558 0.077922 0.101010
0 0.710633 0.655844 0.064123 0.124098
0 0.550325 0.723665 0.076299 0.109668
0 0.583198 0.466089 0.077110 0.105339
0 0.566964 0.174603 0.056006 0.111111
0 0.459416 0.336219 0.064935 0.134199
0 0.453734 0.588745 0.066558 0.093795
0 0.366477 0.603175 0.065747 0.134199
0 0.285714 0.648629 0.074675 0.106782
0 0.241477 0.332612 0.077110 0.124098
0 0.310877 0.183983 0.066558 0.126984
0 0.354302 0.159452 0.062500 0.098124
0 0.192370 0.448052 0.058442 0.095238
0 0.101055 0.251804 0.065747 0.098124
0 0.154627 0.088023 0.064123 0.116883