0 0.614042 0.334776 0.073864 0.111111
0 0.460633 0.255411 0.075487 0.116883
0 0.555601 0.596681 0.068994 0.080808
0 0.454951 0.671717 0.078734 0.098124
0 0.383523 0.500000 0.064123 0.118326
0 0.309253 0.488456 0.081169 0.135642
0 0.229708 0.576479 0.060065 0.135642
0 0.179789 0.742424 0.064123 0.121212
0 0.198458 0.264069 0.064123 0.105339
0 0.206575 0.165224 0.060877 0.101010
0 0.280438 0.178211 0.062500 0.135642
0 0.359172 0.163059 0.065747 0.116883
0 0.211445 0.942280 0.062500 0.096681
0 0.097403 0.104618 0.048701 0.095238
0 0.040179 0.046176 0.047890 0.073593