0 0.559253 0.408369 0.069805 0.111111
0 0.621753 0.209957 0.074675 0.103896
0 0.471185 0.181818 0.072240 0.122655
0 0.346185 0.111111 0.056006 0.128427
0 0.447240 0.387446 0.069805 0.109668
0 0.349432 0.453824 0.078734 0.124098
0 0.258117 0.559163 0.068182 0.106782
0 0.153003 0.365801 0.054383 0.121212
0 0.111607 0.411255 0.056006 0.093795
0 0.092127 0.203463 0.049513 0.111111
0 0.196429 0.145743 0.055195 0.079365
0 0.258117 0.192641 0.056818 0.118326
0 0.207386 0.729437 0.073864 0.103896
0 0.303166 0.764791 0.073864 0.131313
0 0.410308 0.716450 0.073864 0.098124