0 0.393669 0.585137 0.084416 0.164502
0 0.472403 0.580808 0.082792 0.132756
0 0.398539 0.288600 0.077922 0.145743
0 0.459010 0.126984 0.093344 0.137085
0 0.320617 0.239538 0.074675 0.128427
0 0.242695 0.083694 0.064935 0.108225
0 0.202110 0.163059 0.076299 0.116883
0 0.099432 0.111833 0.073864 0.103896
0 0.050325 0.145022 0.064935 0.112554
0 0.109578 0.360029 0.060065 0.115440
0 0.204951 0.426407 0.075487 0.121212
0 0.297078 0.490620 0.082792 0.142857
0 0.178571 0.665224 0.077922 0.116883
0 0.267451 0.748196 0.078734 0.135642