0 0.637581 0.767677 0.075487 0.111111
0 0.591721 0.456710 0.071429 0.152958
0 0.465097 0.288600 0.068182 0.108225
0 0.403003 0.214286 0.080357 0.124098
0 0.308442 0.084416 0.069805 0.095238
0 0.155438 0.163059 0.062500 0.128427
0 0.254870 0.360029 0.063312 0.112554
0 0.327516 0.437951 0.067370 0.138528
0 0.189529 0.432900 0.078734 0.119769
0 0.038961 0.173882 0.043831 0.086580
1 0.150568 0.588023 0.081981 0.138528
0 0.417614 0.758297 0.081981 0.103896
0 0.499188 0.672439 0.082792 0.102453
0 0.307224 0.755411 0.072240 0.101010
0 0.377435 0.461760 0.055195 0.119769