0 0.692370 0.499278 0.060065 0.128427
0 0.633117 0.707071 0.069805 0.096681
0 0.564529 0.387446 0.078734 0.118326
0 0.534497 0.077922 0.060877 0.119769
0 0.442776 0.251804 0.068994 0.118326
0 0.440341 0.501443 0.064123 0.112554
0 0.350649 0.531746 0.068182 0.129870
0 0.279627 0.567821 0.067370 0.129870
0 0.239042 0.292929 0.064123 0.125541
0 0.292208 0.121212 0.060065 0.108225
0 0.337662 0.101010 0.061688 0.099567
0 0.172890 0.380231 0.056818 0.106782
0 0.089692 0.198413 0.046266 0.086580
0 0.229708 0.919192 0.066558 0.111111
0 0.534091 0.649351 0.076299 0.119769