0 0.658594 0.850852 0.101562 0.156250
0 0.580469 0.315341 0.085938 0.176136
0 0.339844 0.082386 0.095312 0.153409
0 0.286719 0.167614 0.092188 0.136364
0 0.076406 0.079421 0.090680 0.149607
0 0.126784 0.226738 0.105793 0.166400
0 0.301008 0.315281 0.076406 0.138921
0 0.107473 0.567170 0.087322 0.151134
0 0.470193 0.134379 0.083963 0.161820
0 0.518472 0.398481 0.078086 0.167926
0 0.559194 0.502290 0.082284 0.189299
0 0.753149 0.521372 0.078925 0.145027
0 0.872376 0.604572 0.077246 0.131288
0 0.758606 0.785474 0.086482 0.187772