1 0.326656 0.676907 0.138675 0.091102
0 0.211094 0.762712 0.146379 0.101695
0 0.134052 0.614407 0.130971 0.076271
0 0.082049 0.525424 0.127119 0.084746
0 0.166795 0.480932 0.150231 0.072034
0 0.353621 0.486229 0.146379 0.065678
0 0.519260 0.534958 0.138675 0.103814
0 0.609784 0.582627 0.157935 0.101695
0 0.754237 0.693856 0.177196 0.086864
0 0.688752 0.435381 0.154083 0.074153
0 0.852465 0.462924 0.142527 0.103814
0 0.944530 0.472458 0.110940 0.139831
0 0.877504 0.344280 0.161787 0.078390
0 0.869800 0.181144 0.123267 0.095339
0 0.648305 0.182203 0.127119 0.084746
0 0.796610 0.080508 0.100154 0.080508
0 0.938752 0.108051 0.122496 0.080508