1 0.815871 0.565678 0.192604 0.076271
0 0.072419 0.562500 0.115562 0.074153
0 0.065100 0.481992 0.130200 0.065678
0 0.357473 0.706568 0.154083 0.112288
0 0.444145 0.481992 0.157935 0.095339
0 0.532743 0.581568 0.134823 0.095339
0 0.777350 0.710805 0.177196 0.116525
0 0.831279 0.466102 0.154083 0.088983
0 0.794684 0.366525 0.127119 0.080508
0 0.934900 0.302966 0.130200 0.084746
0 0.910247 0.218220 0.142527 0.072034
0 0.646379 0.190678 0.169492 0.080508
0 0.708012 0.085805 0.123267 0.086864
0 0.827427 0.075212 0.115562 0.095339
0 0.961864 0.140890 0.076271 0.095339