0 0.068952 0.505297 0.137904 0.078390
0 0.307396 0.437500 0.146379 0.069915
0 0.170647 0.563559 0.134823 0.088983
0 0.093606 0.704449 0.157935 0.099576
0 0.395994 0.604873 0.154083 0.091102
0 0.488444 0.485169 0.130971 0.084746
0 0.679122 0.675847 0.157935 0.093220
0 0.844761 0.528602 0.157935 0.074153
0 0.823575 0.448093 0.130971 0.078390
0 0.740755 0.419492 0.150231 0.076271
0 0.798536 0.277542 0.134823 0.088983
0 0.883282 0.306144 0.157935 0.108051
0 0.959938 0.340042 0.080123 0.091102
0 0.844761 0.151483 0.119414 0.091102
0 0.956086 0.182203 0.087827 0.088983
0 0.584746 0.140890 0.123267 0.099576
0 0.474961 0.093220 0.119414 0.088983
0 0.950308 0.067797 0.099384 0.080508