1 0.155239 0.409958 0.150231 0.082627
0 0.193760 0.529661 0.150231 0.084746
0 0.600154 0.426907 0.169492 0.082627
0 0.833205 0.338983 0.127119 0.076271
0 0.733051 0.279661 0.134823 0.080508
0 0.659861 0.346398 0.142527 0.069915
0 0.959938 0.204449 0.080123 0.074153
0 0.848613 0.220339 0.134823 0.080508
0 0.748459 0.131356 0.134823 0.076271
0 0.659861 0.173729 0.104006 0.093220
0 0.270801 0.022246 0.134823 0.044492
0 0.417180 0.070975 0.111710 0.074153
0 0.611710 0.033898 0.115562 0.067796
0 0.821649 0.068856 0.127119 0.082627