0 0.159091 0.512712 0.134823 0.080508
0 0.093606 0.625000 0.150231 0.084746
0 0.305470 0.716102 0.134823 0.097458
0 0.567411 0.602754 0.181048 0.086864
0 0.488444 0.532839 0.123267 0.082627
0 0.386364 0.456568 0.150231 0.074153
0 0.719569 0.417373 0.154083 0.080508
0 0.815871 0.490466 0.154083 0.069915
0 0.856317 0.345339 0.134823 0.080508
0 0.925270 0.279661 0.149460 0.088983
0 0.790832 0.211864 0.134823 0.084746
0 0.871726 0.161017 0.142527 0.084746
0 0.594376 0.129237 0.142527 0.084746
0 0.654083 0.075212 0.100154 0.057203
0 0.760015 0.041314 0.150231 0.078390