0 0.080123 0.737288 0.138675 0.093220
0 0.405624 0.629237 0.150231 0.080508
0 0.272727 0.554025 0.138675 0.074153
0 0.203390 0.455508 0.161787 0.080508
0 0.563559 0.471398 0.142527 0.078390
0 0.630971 0.433263 0.115562 0.061441
0 0.796610 0.664195 0.231125 0.078390
1 0.734977 0.582627 0.200308 0.072034
0 0.673344 0.555085 0.161787 0.076271
0 0.800462 0.407839 0.138675 0.086864
0 0.934900 0.358051 0.130200 0.080508
0 0.790832 0.307203 0.142527 0.063559
0 0.896764 0.257415 0.146379 0.086864
0 0.492296 0.049788 0.146379 0.082627
0 0.958012 0.065678 0.083975 0.084746
0 0.812018 0.084746 0.130971 0.076271