0 0.186055 0.380297 0.134823 0.078390
0 0.507704 0.593220 0.154083 0.084746
0 0.413328 0.390890 0.104006 0.061441
0 0.575116 0.460805 0.142527 0.078390
0 0.654083 0.512712 0.154083 0.067797
0 0.865948 0.510593 0.146379 0.088983
0 0.704160 0.372881 0.138675 0.076271
0 0.835131 0.363347 0.146379 0.099576
0 0.923729 0.354873 0.146379 0.116525
0 0.837057 0.219280 0.127119 0.078390
0 0.715716 0.255297 0.123267 0.069915
0 0.925270 0.115466 0.149460 0.091102
0 0.842835 0.056144 0.138675 0.082627
0 0.746533 0.102754 0.115562 0.074153
0 0.679122 0.115466 0.080894 0.095339
0 0.484592 0.032839 0.123267 0.065678