1 0.937211 0.166314 0.119414 0.091102
0 0.451849 0.453390 0.157935 0.080508
0 0.342065 0.408898 0.130971 0.063559
0 0.869800 0.467161 0.138675 0.078390
0 0.617488 0.401483 0.165639 0.061441
0 0.669492 0.341102 0.107858 0.076271
0 0.773498 0.299788 0.123267 0.057203
0 0.858243 0.379237 0.130971 0.067797
0 0.958012 0.331568 0.083975 0.078390
0 0.794684 0.198093 0.104006 0.078390
0 0.677196 0.133475 0.100154 0.067797
0 0.428737 0.045551 0.119414 0.065678
0 0.848613 0.049788 0.096302 0.069915
0 0.823575 0.131356 0.123267 0.072034
0 0.047766 0.454449 0.095532 0.074153