0 0.257319 0.393008 0.123267 0.082627
0 0.567411 0.568856 0.127119 0.074153
0 0.451849 0.387712 0.119414 0.067797
0 0.673344 0.443856 0.169492 0.074153
0 0.711864 0.496822 0.161787 0.078390
0 0.904468 0.485169 0.146379 0.072034
0 0.731125 0.361229 0.115562 0.069915
0 0.812018 0.341102 0.107858 0.088983
0 0.917951 0.338983 0.127119 0.088983
0 0.810092 0.200212 0.127119 0.086864
0 0.709938 0.244703 0.119414 0.095339
0 0.931048 0.110169 0.137904 0.093220
0 0.713790 0.086864 0.119414 0.076271
0 0.815871 0.043432 0.146379 0.078390
0 0.482666 0.027542 0.134823 0.055084