0 0.203390 0.730932 0.115562 0.088983
0 0.055470 0.521186 0.110940 0.067797
0 0.291988 0.458686 0.138675 0.074153
0 0.399846 0.541314 0.138675 0.091102
0 0.455701 0.619703 0.165639 0.082627
0 0.727273 0.492585 0.177196 0.061441
0 0.629045 0.447034 0.119414 0.072034
0 0.850539 0.369703 0.138675 0.082627
0 0.883282 0.616525 0.173344 0.084746
0 0.925270 0.320975 0.149460 0.095339
0 0.850539 0.233051 0.123267 0.084746
0 0.898690 0.174788 0.165639 0.082627
0 0.788906 0.061441 0.115562 0.067797
0 0.914099 0.044492 0.119414 0.088983
1 0.798536 0.532839 0.211864 0.074153
1 0.946456 0.158898 0.107088 0.097458