0 0.276579 0.504237 0.154083 0.080508
0 0.218798 0.625000 0.154083 0.101695
0 0.442219 0.700212 0.154083 0.095339
0 0.642527 0.578390 0.154083 0.072034
0 0.627119 0.504237 0.161787 0.084746
0 0.507704 0.441737 0.107858 0.061441
0 0.744607 0.362288 0.127119 0.080508
0 0.837057 0.327331 0.134823 0.095339
0 0.906394 0.455508 0.142527 0.084746
0 0.798536 0.407839 0.165639 0.074153
0 0.879430 0.242585 0.096302 0.091102
0 0.973421 0.265890 0.053158 0.091102
0 0.842835 0.152542 0.169492 0.093220
0 0.546225 0.129237 0.115562 0.093220
0 0.629045 0.072034 0.119414 0.084746