0 0.180277 0.451271 0.138675 0.076271
0 0.057396 0.576271 0.114792 0.072034
0 0.317026 0.622881 0.134823 0.088983
0 0.552003 0.699153 0.173344 0.088983
0 0.399846 0.500000 0.130971 0.088983
0 0.634823 0.433263 0.154083 0.069915
0 0.788906 0.569915 0.169492 0.076271
0 0.725347 0.473517 0.157935 0.082627
0 0.881356 0.359110 0.130971 0.091102
0 0.954160 0.405720 0.091680 0.099576
0 0.798536 0.325212 0.127119 0.078390
0 0.731125 0.354873 0.100154 0.091102
0 0.865948 0.190678 0.130971 0.080508
0 0.959938 0.225636 0.080123 0.095339
0 0.638675 0.192797 0.123267 0.055085
0 0.511556 0.111229 0.130971 0.074153
0 0.615562 0.045551 0.100154 0.061441
0 0.956086 0.083686 0.087827 0.078390
0 0.808166 0.121822 0.115562 0.082627