0 0.057396 0.724576 0.114792 0.088983
0 0.116718 0.576271 0.157935 0.093220
0 0.257319 0.441737 0.146379 0.061441
0 0.461479 0.500000 0.130971 0.084746
0 0.365177 0.614407 0.177196 0.093220
0 0.638675 0.683263 0.184900 0.091102
0 0.827427 0.544492 0.200308 0.072034
0 0.788906 0.453390 0.146379 0.076271
0 0.698382 0.427966 0.127119 0.076271
0 0.821649 0.299788 0.157935 0.078390
0 0.900616 0.333686 0.130971 0.091102
0 0.959938 0.391949 0.080123 0.080508
0 0.871726 0.170551 0.119414 0.078390
0 0.958012 0.195975 0.083975 0.082627
0 0.503852 0.105932 0.107858 0.055085
0 0.604006 0.171610 0.123267 0.088983
0 0.786980 0.110169 0.119414 0.067797
0 0.607858 0.034958 0.123267 0.069915