0 0.143683 0.545551 0.142527 0.074153
0 0.511556 0.443856 0.138675 0.078390
0 0.613636 0.376059 0.127119 0.065678
0 0.819723 0.364407 0.115562 0.076271
0 0.738829 0.308263 0.115562 0.086864
0 0.833205 0.233051 0.104006 0.072034
0 0.761941 0.145127 0.130971 0.074153
0 0.892912 0.397246 0.100154 0.069915
0 0.961864 0.235169 0.076271 0.072034
0 0.827427 0.077331 0.146379 0.065678
0 0.634823 0.049788 0.107858 0.069915
0 0.434515 0.086864 0.123267 0.063559
0 0.282357 0.026483 0.165639 0.052966
0 0.669492 0.211864 0.084746 0.067797