0 0.109014 0.368644 0.134823 0.072034
0 0.394068 0.386653 0.127119 0.061441
0 0.542373 0.474576 0.161787 0.067797
0 0.446071 0.602754 0.130971 0.069915
0 0.619414 0.516949 0.146379 0.072034
0 0.812018 0.528602 0.154083 0.078390
0 0.825501 0.398305 0.127119 0.088983
0 0.675270 0.383475 0.119414 0.084746
0 0.934900 0.404661 0.130200 0.114407
0 0.731125 0.274364 0.130971 0.074153
0 0.831279 0.237288 0.146379 0.080508
0 0.704160 0.140890 0.138675 0.069915
0 0.752311 0.104873 0.111710 0.091102
0 0.856317 0.075212 0.142527 0.082627
0 0.511556 0.039195 0.130971 0.078390