0 0.155239 0.473517 0.127119 0.078390
0 0.301618 0.528602 0.134823 0.082627
0 0.369029 0.592161 0.146379 0.082627
0 0.151387 0.671610 0.150231 0.076271
0 0.563559 0.633475 0.119414 0.080508
0 0.642527 0.479873 0.146379 0.082627
0 0.474961 0.435381 0.119414 0.078390
0 0.875578 0.488347 0.157935 0.082627
0 0.752311 0.391949 0.119414 0.076271
0 0.885208 0.384534 0.154083 0.069915
0 0.698382 0.284958 0.111710 0.065678
0 0.802388 0.265890 0.096302 0.061441
0 0.798536 0.138771 0.119414 0.074153
0 0.837057 0.168432 0.142527 0.074153
0 0.941063 0.190678 0.096302 0.093220
0 0.959938 0.061441 0.080123 0.072034