0 0.195686 0.643008 0.130971 0.091102
1 0.615562 0.634534 0.192604 0.086864
0 0.540447 0.744703 0.150231 0.095339
0 0.434515 0.587924 0.169492 0.082627
0 0.374807 0.510593 0.150231 0.063559
0 0.421032 0.450212 0.111710 0.065678
0 0.615562 0.465042 0.177196 0.074153
0 0.821649 0.458686 0.165639 0.082627
0 0.877504 0.508475 0.169492 0.080508
0 0.931048 0.579449 0.137904 0.082627
0 0.802388 0.376059 0.142527 0.069915
0 0.923344 0.347458 0.153312 0.097458
0 0.837057 0.231992 0.127119 0.091102
0 0.815871 0.145127 0.100154 0.078390
0 0.575116 0.109110 0.134823 0.078390
0 0.677196 0.055085 0.100154 0.072034