0 0.047766 0.366525 0.095532 0.067797
0 0.374807 0.397246 0.150231 0.074153
0 0.395994 0.620763 0.123267 0.072034
0 0.550077 0.537076 0.123267 0.065678
0 0.496148 0.490466 0.146379 0.065678
0 0.648305 0.394068 0.142527 0.067797
0 0.769646 0.554025 0.154083 0.078390
0 0.794684 0.413136 0.134823 0.084746
0 0.934900 0.434322 0.130200 0.097458
0 0.873652 0.273305 0.154083 0.072034
0 0.756163 0.299788 0.096302 0.069915
0 0.775424 0.099576 0.104006 0.080508
0 0.719569 0.162076 0.130971 0.078390
0 0.523112 0.057203 0.107858 0.072034
0 0.942989 0.136653 0.107858 0.082627