0 0.109014 0.485169 0.111710 0.067797
0 0.080123 0.674788 0.130971 0.095339
0 0.295840 0.602754 0.146379 0.078390
0 0.243837 0.536017 0.142527 0.080508
0 0.519260 0.655720 0.138675 0.086864
0 0.588598 0.504237 0.161787 0.063559
0 0.449923 0.441737 0.130971 0.074153
0 0.835131 0.506356 0.161787 0.067797
0 0.860169 0.397246 0.127119 0.069915
0 0.733051 0.409958 0.142527 0.078390
0 0.823575 0.287076 0.115562 0.061441
0 0.969569 0.351695 0.060862 0.080508
0 0.704160 0.300847 0.123267 0.059322
0 0.935285 0.212924 0.107858 0.074153
0 0.798536 0.140890 0.111710 0.074153
0 0.858243 0.175847 0.138675 0.067797
0 0.656009 0.072034 0.150231 0.067797
0 0.781202 0.029661 0.146379 0.059322
0 0.954160 0.076271 0.091680 0.080508