0 0.164869 0.466102 0.123267 0.067797
0 0.211094 0.562500 0.130971 0.086864
0 0.378659 0.629237 0.165639 0.080508
0 0.758089 0.689619 0.200308 0.091102
0 0.580894 0.566737 0.154083 0.078390
0 0.532743 0.481992 0.157935 0.086864
0 0.769646 0.425847 0.138675 0.063559
0 0.917565 0.389831 0.164869 0.097458
0 0.921418 0.280720 0.157164 0.082627
0 0.813945 0.319915 0.173344 0.084746
0 0.781202 0.114407 0.146379 0.063559
0 0.501926 0.054025 0.134823 0.082627
0 0.611710 0.028602 0.161787 0.057203
0 0.954160 0.077331 0.091680 0.091102
1 0.706086 0.602754 0.188752 0.074153