0 0.076271 0.628178 0.146379 0.091102
0 0.307396 0.682203 0.123267 0.084746
0 0.657935 0.576271 0.146379 0.080508
0 0.388290 0.536017 0.115562 0.080508
0 0.245763 0.478814 0.123267 0.067797
0 0.544299 0.420551 0.111710 0.065678
0 0.684900 0.463983 0.138675 0.080508
0 0.889060 0.598517 0.146379 0.074153
0 0.932974 0.423729 0.134052 0.076271
0 0.760015 0.342161 0.104006 0.061441
0 0.821649 0.368644 0.111710 0.067797
0 0.946456 0.295551 0.107088 0.078390
0 0.873652 0.222458 0.123267 0.088983
0 0.763867 0.223517 0.104006 0.082627
0 0.840909 0.082627 0.104006 0.084746
0 0.961864 0.133475 0.076271 0.088983
0 0.511556 0.075212 0.107858 0.061441
0 0.405624 0.041314 0.111710 0.065678
0 0.682974 0.047669 0.119414 0.074153
0 0.908320 0.033898 0.115562 0.067796