1 0.600154 0.618644 0.177196 0.110169
0 0.053544 0.712924 0.107088 0.086864
0 0.496148 0.751059 0.161787 0.099576
0 0.257319 0.616525 0.130971 0.063559
0 0.172573 0.497881 0.161787 0.088983
0 0.586672 0.521186 0.142527 0.080508
0 0.713790 0.427966 0.142527 0.076271
0 0.916025 0.400424 0.138675 0.076271
0 0.925270 0.488347 0.149460 0.069915
0 0.917565 0.631356 0.164869 0.088983
0 0.908320 0.227754 0.161787 0.082627
0 0.950308 0.148305 0.099384 0.088983
0 0.862096 0.082627 0.146379 0.084746
0 0.627119 0.166314 0.154083 0.065678