0 0.211094 0.461864 0.107858 0.080508
0 0.228428 0.429025 0.104006 0.048729
0 0.478814 0.409958 0.165639 0.074153
0 0.760015 0.492585 0.111710 0.069915
0 0.812018 0.430085 0.138675 0.063559
0 0.619414 0.378178 0.130971 0.052966
0 0.786980 0.363347 0.119414 0.074153
0 0.673344 0.295551 0.130971 0.074153
0 0.750385 0.258475 0.107858 0.088983
0 0.896764 0.257415 0.107858 0.099576
1 0.958012 0.194915 0.083975 0.076271
0 0.717643 0.158898 0.088598 0.080508
0 0.914099 0.083686 0.119414 0.069915
0 0.852465 0.138771 0.111710 0.078390
0 0.465331 0.080508 0.123267 0.072034
0 0.659861 0.040254 0.127119 0.072034