0 0.255393 0.465042 0.157935 0.074153
0 0.444145 0.417373 0.134823 0.059322
0 0.625193 0.406780 0.142527 0.067797
0 0.648305 0.350636 0.134823 0.057203
0 0.856317 0.433263 0.096302 0.065678
0 0.856317 0.275424 0.096302 0.072034
0 0.942604 0.302966 0.114792 0.072034
0 0.711864 0.258475 0.107858 0.072034
0 0.474961 0.120763 0.119414 0.059322
0 0.320878 0.028602 0.150231 0.057203
0 0.650231 0.092161 0.077042 0.074153
0 0.777350 0.159958 0.107858 0.074153
0 0.815871 0.116525 0.092450 0.080508
1 0.916025 0.117585 0.100154 0.082627