0 0.213020 0.513771 0.127119 0.086864
0 0.149461 0.621822 0.123267 0.074153
0 0.357473 0.717161 0.130971 0.082627
0 0.623267 0.588983 0.154083 0.076271
0 0.580894 0.520127 0.177196 0.074153
0 0.449923 0.445975 0.115562 0.086864
0 0.779276 0.375000 0.127119 0.072034
0 0.760015 0.419492 0.181048 0.067797
0 0.873652 0.467161 0.161787 0.069915
0 0.908320 0.268008 0.123267 0.082627
0 0.858243 0.151483 0.161787 0.074153
0 0.557781 0.123941 0.123267 0.074153
0 0.667565 0.085805 0.127119 0.065678
0 0.790832 0.215042 0.142527 0.074153