0 0.099384 0.460805 0.115562 0.057203
0 0.338213 0.508475 0.130971 0.076271
0 0.265023 0.623941 0.154083 0.082627
0 0.494222 0.701271 0.142527 0.097458
0 0.725347 0.576271 0.150231 0.067797
0 0.682974 0.486229 0.173344 0.078390
0 0.569337 0.438559 0.169492 0.084746
0 0.938752 0.436441 0.122496 0.084746
0 0.865948 0.371822 0.192604 0.091102
0 0.748459 0.358051 0.088598 0.067797
0 0.800462 0.336864 0.169492 0.097458
0 0.867874 0.224576 0.119414 0.084746
0 0.629045 0.216102 0.096302 0.063559
0 0.528891 0.118644 0.119414 0.080508
0 0.615562 0.048729 0.084746 0.067797
0 0.817797 0.129237 0.119414 0.080508
0 0.965716 0.234110 0.068567 0.099576