0 0.265023 0.437500 0.107858 0.086864
0 0.378659 0.511653 0.134823 0.086864
0 0.449923 0.561441 0.123267 0.067797
0 0.266949 0.647246 0.111710 0.082627
0 0.667565 0.615466 0.142527 0.069915
0 0.727273 0.449153 0.146379 0.076271
0 0.580894 0.416314 0.154083 0.069915
0 0.908320 0.462924 0.146379 0.082627
0 0.771572 0.344280 0.111710 0.065678
0 0.885208 0.330508 0.138675 0.076271
0 0.948382 0.289195 0.103236 0.086864
0 0.765794 0.210805 0.123267 0.065678
0 0.775424 0.118644 0.104006 0.072034
0 0.940678 0.159958 0.118644 0.086864
0 0.958012 0.033898 0.083975 0.067796
0 0.846687 0.129237 0.138675 0.076271