0 0.234206 0.451271 0.115562 0.063559
0 0.214946 0.658898 0.123267 0.084746
0 0.395994 0.574153 0.138675 0.076271
0 0.342065 0.518008 0.115562 0.074153
0 0.634823 0.619703 0.161787 0.069915
0 0.684900 0.468220 0.169492 0.076271
0 0.540447 0.423729 0.181048 0.072034
0 0.892912 0.473517 0.154083 0.082627
0 0.769646 0.367585 0.130971 0.078390
0 0.892912 0.354873 0.115562 0.074153
0 0.777350 0.233051 0.123267 0.072034
0 0.959938 0.309322 0.080123 0.093220
0 0.938752 0.185381 0.122496 0.069915
0 0.773498 0.125000 0.115562 0.072034
0 0.860169 0.141949 0.150231 0.084746
0 0.959938 0.057203 0.080123 0.093220