0 0.078197 0.503178 0.127119 0.082627
0 0.236133 0.559322 0.157935 0.080508
0 0.166795 0.706568 0.142527 0.091102
0 0.476888 0.592161 0.146379 0.086864
0 0.744607 0.657839 0.181048 0.091102
0 0.550077 0.483051 0.154083 0.084746
0 0.338213 0.431144 0.138675 0.074153
0 0.775424 0.404661 0.134823 0.076271
0 0.854391 0.426907 0.123267 0.082627
0 0.867874 0.487288 0.165639 0.076271
0 0.754237 0.260593 0.130971 0.093220
0 0.881356 0.288136 0.161787 0.097458
0 0.963790 0.326271 0.072419 0.084746
0 0.850539 0.139831 0.092450 0.084746
0 0.769646 0.080508 0.146379 0.084746
0 0.442219 0.086864 0.130971 0.072034
0 0.573190 0.128178 0.084746 0.082627
0 0.956086 0.169492 0.087827 0.097458
0 0.946456 0.050847 0.107088 0.093220