1 0.659861 0.611229 0.150231 0.082627
0 0.155239 0.567797 0.165639 0.076271
0 0.126348 0.466102 0.154083 0.072034
0 0.496148 0.487288 0.154083 0.080508
0 0.538521 0.444915 0.107858 0.067797
0 0.318952 0.646186 0.154083 0.076271
0 0.675270 0.718220 0.165639 0.084746
0 0.736903 0.439619 0.150231 0.065678
0 0.921803 0.415254 0.150231 0.093220
0 0.932974 0.466102 0.134052 0.088983
0 0.806240 0.347458 0.150231 0.067797
0 0.927196 0.298729 0.145608 0.076271
0 0.808166 0.189619 0.115562 0.069915
0 0.521186 0.075212 0.104006 0.074153
0 0.638675 0.033898 0.138675 0.067796
0 0.798536 0.125000 0.134823 0.067797