0 0.226502 0.485169 0.146379 0.072034
0 0.355547 0.548729 0.134823 0.076271
0 0.276579 0.699153 0.138675 0.084746
0 0.584746 0.587924 0.146379 0.091102
0 0.837057 0.621822 0.150231 0.069915
0 0.650231 0.474576 0.146379 0.072034
0 0.473035 0.418432 0.123267 0.061441
0 0.765794 0.385593 0.100154 0.072034
0 0.829353 0.401483 0.111710 0.069915
0 0.925270 0.452331 0.149460 0.065678
0 0.942604 0.314619 0.114792 0.074153
0 0.881356 0.245763 0.154083 0.080508
0 0.746533 0.240466 0.092450 0.086864
0 0.517334 0.095339 0.096302 0.063559
0 0.419106 0.057203 0.115562 0.063559
0 0.844761 0.097458 0.111710 0.076271
0 0.719569 0.065678 0.130971 0.080508
0 0.956086 0.143008 0.087827 0.074153