0 0.353621 0.721398 0.169492 0.082627
0 0.214946 0.609110 0.161787 0.074153
0 0.411402 0.440678 0.130971 0.067797
0 0.492296 0.532839 0.154083 0.082627
0 0.656009 0.595339 0.127119 0.093220
0 0.779276 0.734110 0.188752 0.103814
0 0.723421 0.440678 0.200308 0.084746
0 0.837057 0.302966 0.127119 0.084746
0 0.656009 0.180085 0.134823 0.067797
0 0.856317 0.123941 0.119414 0.082627
0 0.967643 0.205508 0.064714 0.067797
0 0.967643 0.384534 0.064714 0.074153
0 0.864022 0.041314 0.142527 0.065678
1 0.617488 0.034958 0.096302 0.069915