0 0.303544 0.726695 0.146379 0.093220
0 0.139831 0.605932 0.127119 0.076271
0 0.095532 0.486229 0.154083 0.069915
0 0.376733 0.435381 0.138675 0.061441
0 0.436441 0.534958 0.142527 0.082627
0 0.602080 0.603814 0.142527 0.105932
0 0.734977 0.740466 0.184900 0.103814
0 0.675270 0.438559 0.157935 0.080508
0 0.838983 0.310381 0.123267 0.065678
0 0.948382 0.390890 0.103236 0.086864
0 0.875578 0.145127 0.165639 0.086864
0 0.646379 0.185381 0.161787 0.069915
0 0.854391 0.040254 0.100154 0.059322
1 0.650231 0.031780 0.107858 0.063559