0 0.266949 0.602754 0.127119 0.078390
0 0.164869 0.550847 0.130971 0.072034
0 0.059322 0.507415 0.118644 0.082627
0 0.401772 0.459746 0.127119 0.063559
0 0.557781 0.512712 0.184900 0.080508
0 0.471109 0.673729 0.119414 0.093220
0 0.812018 0.530720 0.146379 0.069915
0 0.840909 0.420551 0.119414 0.078390
0 0.688752 0.417373 0.138675 0.076271
0 0.825501 0.304025 0.127119 0.074153
0 0.967643 0.353814 0.064714 0.084746
0 0.940678 0.225636 0.118644 0.078390
0 0.864022 0.192797 0.127119 0.067797
0 0.804314 0.143008 0.107858 0.074153
0 0.802388 0.045551 0.104006 0.069915
0 0.961864 0.085805 0.076271 0.095339
0 0.727273 0.315678 0.107858 0.063559