0 0.299692 0.478814 0.130971 0.072034
0 0.459553 0.537076 0.157935 0.078390
0 0.126348 0.620763 0.123267 0.084746
0 0.369029 0.680085 0.177196 0.084746
0 0.708012 0.558263 0.177196 0.078390
0 0.917565 0.581568 0.164869 0.078390
0 0.734977 0.444915 0.138675 0.067797
0 0.752311 0.336864 0.073190 0.076271
0 0.837057 0.353814 0.134823 0.063559
0 0.938752 0.403602 0.122496 0.065678
0 0.950308 0.268008 0.099384 0.074153
0 0.885208 0.212924 0.123267 0.086864
0 0.783128 0.200212 0.111710 0.078390
0 0.833205 0.064619 0.104006 0.078390
0 0.946456 0.115466 0.107088 0.065678
0 0.484592 0.048729 0.107858 0.059322
0 0.690678 0.031780 0.119414 0.063559