1 0.286210 0.677966 0.150231 0.080508
0 0.827427 0.093220 0.138675 0.093220
0 0.940678 0.109110 0.118644 0.078390
0 0.673344 0.175847 0.130971 0.080508
0 0.869800 0.209746 0.130971 0.072034
0 0.963790 0.261653 0.072419 0.061441
0 0.867874 0.365466 0.134823 0.086864
0 0.632897 0.445975 0.150231 0.061441
0 0.815871 0.484110 0.177196 0.091102
0 0.938752 0.504237 0.122496 0.097458
0 0.688752 0.706568 0.161787 0.091102
0 0.536595 0.595339 0.157935 0.080508
0 0.440293 0.537076 0.150231 0.095339
0 0.120570 0.477754 0.142527 0.069915
0 0.065100 0.526483 0.130200 0.078390
0 0.074345 0.612288 0.134823 0.088983
0 0.145609 0.753178 0.146379 0.086864