1 0.438367 0.679025 0.177196 0.099576
0 0.332435 0.745763 0.111710 0.080508
0 0.259245 0.603814 0.134823 0.088983
0 0.214946 0.526483 0.161787 0.086864
0 0.251541 0.462924 0.142527 0.078390
0 0.428737 0.473517 0.127119 0.086864
0 0.625193 0.497881 0.157935 0.097458
0 0.731125 0.557203 0.200308 0.088983
0 0.856317 0.681144 0.188752 0.086864
0 0.758089 0.414195 0.115562 0.078390
0 0.894838 0.411017 0.181048 0.093220
0 0.879430 0.309322 0.150231 0.080508
0 0.864022 0.170551 0.111710 0.074153
0 0.927581 0.204449 0.100154 0.078390
0 0.634823 0.154661 0.123267 0.067797
0 0.890986 0.069915 0.104006 0.076271