0 0.301618 0.747881 0.181048 0.105932
0 0.187982 0.636653 0.177196 0.086864
0 0.083975 0.550847 0.123267 0.072034
0 0.307396 0.474576 0.138675 0.059322
0 0.638675 0.470339 0.154083 0.080508
0 0.469183 0.543432 0.123267 0.069915
0 0.731125 0.652542 0.169492 0.097458
0 0.808166 0.487288 0.169492 0.059322
0 0.913713 0.414195 0.172573 0.082627
0 0.942604 0.295551 0.114792 0.082627
0 0.923729 0.218220 0.130971 0.080508
0 0.936826 0.136653 0.126348 0.069915
0 0.621341 0.201271 0.119414 0.084746
0 0.630971 0.033898 0.154083 0.067796