0 0.122496 0.558263 0.115562 0.078390
0 0.199538 0.611229 0.177196 0.095339
0 0.413328 0.680085 0.150231 0.080508
0 0.765794 0.544492 0.154083 0.076271
0 0.500000 0.528602 0.161787 0.074153
0 0.340139 0.470339 0.134823 0.067797
0 0.665639 0.419492 0.130971 0.063559
0 0.794684 0.436441 0.157935 0.080508
0 0.940678 0.562500 0.118644 0.065678
0 0.842835 0.328390 0.130971 0.067797
0 0.733051 0.328390 0.111710 0.067797
0 0.954160 0.239407 0.091680 0.067797
0 0.875578 0.205508 0.127119 0.076271
0 0.790832 0.172669 0.111710 0.074153
0 0.952234 0.096398 0.095532 0.078390
0 0.837057 0.061441 0.142527 0.084746
0 0.474961 0.027542 0.104006 0.055084