1 0.752311 0.566737 0.173344 0.082627
0 0.153313 0.735169 0.138675 0.093220
0 0.415254 0.630297 0.123267 0.091102
0 0.317026 0.554025 0.157935 0.095339
0 0.257319 0.458686 0.161787 0.078390
0 0.590524 0.463983 0.142527 0.076271
0 0.673344 0.421610 0.161787 0.063559
0 0.825501 0.647246 0.150231 0.086864
0 0.838983 0.394068 0.138675 0.080508
0 0.919492 0.337924 0.161016 0.078390
0 0.777350 0.282839 0.130971 0.082627
0 0.877504 0.252119 0.161787 0.084746
0 0.936826 0.184322 0.126348 0.080508
0 0.790832 0.066737 0.134823 0.078390
0 0.941063 0.054025 0.111710 0.086864
0 0.442219 0.036017 0.146379 0.072034