0 0.378659 0.726695 0.127119 0.101695
0 0.247689 0.618644 0.142527 0.088983
0 0.112866 0.551907 0.134823 0.086864
0 0.442219 0.439619 0.130971 0.065678
0 0.742681 0.433263 0.154083 0.086864
0 0.550077 0.516949 0.154083 0.076271
0 0.688752 0.585805 0.177196 0.091102
0 0.856317 0.722458 0.181048 0.105932
0 0.835131 0.295551 0.138675 0.078390
0 0.967643 0.378178 0.064714 0.078390
0 0.667565 0.182203 0.157935 0.093220
0 0.860169 0.125000 0.119414 0.080508
0 0.961864 0.171610 0.076271 0.072034
0 0.869800 0.032839 0.100154 0.065678