1 0.961864 0.191737 0.076271 0.074153
0 0.268875 0.416314 0.123267 0.048729
0 0.274653 0.469280 0.134823 0.074153
0 0.538521 0.415254 0.161787 0.067797
0 0.796610 0.483051 0.100154 0.063559
0 0.837057 0.413136 0.150231 0.072034
0 0.648305 0.367585 0.104006 0.052966
0 0.792758 0.342161 0.107858 0.065678
0 0.740755 0.236229 0.134823 0.082627
0 0.867874 0.234110 0.134823 0.086864
0 0.713790 0.154661 0.127119 0.072034
0 0.892912 0.059322 0.100154 0.067797
0 0.455701 0.067797 0.127119 0.055085
0 0.644453 0.031780 0.119414 0.063559