0 0.107088 0.484110 0.115562 0.082627
0 0.128274 0.426907 0.142527 0.065678
0 0.436441 0.408898 0.142527 0.080508
0 0.727273 0.508475 0.130971 0.059322
0 0.796610 0.443856 0.146379 0.074153
0 0.761941 0.385593 0.115562 0.067797
0 0.575116 0.379237 0.119414 0.063559
0 0.677196 0.299788 0.107858 0.061441
0 0.758089 0.279661 0.115562 0.084746
0 0.927581 0.278602 0.138675 0.078390
0 0.738829 0.171610 0.100154 0.072034
0 0.869800 0.149364 0.138675 0.069915
0 0.921803 0.092161 0.111710 0.061441
0 0.677196 0.048729 0.107858 0.063559
0 0.492296 0.088983 0.130971 0.084746
1 0.952234 0.208686 0.095532 0.108051