1 0.956086 0.226695 0.087827 0.084746
0 0.068567 0.433263 0.123267 0.065678
0 0.382512 0.394068 0.173344 0.076271
0 0.663713 0.536017 0.111710 0.067797
0 0.746533 0.471398 0.123267 0.069915
0 0.944530 0.426907 0.110940 0.078390
0 0.544299 0.388771 0.157935 0.061441
0 0.725347 0.409958 0.134823 0.069915
0 0.682974 0.309322 0.134823 0.076271
0 0.771572 0.301907 0.104006 0.074153
0 0.934900 0.300847 0.130200 0.076271
0 0.765794 0.183263 0.154083 0.074153
0 0.912173 0.103814 0.130971 0.076271
0 0.677196 0.062500 0.130971 0.078390
0 0.511556 0.092161 0.130971 0.061441