0 0.074730 0.761653 0.149460 0.091102
1 0.218798 0.683263 0.154083 0.095339
0 0.047766 0.601695 0.095532 0.084746
0 0.067026 0.479873 0.134052 0.057203
0 0.397920 0.543432 0.142527 0.095339
0 0.482666 0.593220 0.157935 0.097458
0 0.613636 0.721398 0.150231 0.086864
0 0.931048 0.524364 0.137904 0.091102
0 0.761941 0.496822 0.184900 0.078390
0 0.577042 0.436441 0.123267 0.076271
0 0.873652 0.386653 0.169492 0.086864
0 0.850539 0.233051 0.107858 0.072034
0 0.665639 0.187500 0.138675 0.074153
0 0.840909 0.083686 0.142527 0.086864