0 0.338213 0.401483 0.130971 0.095339
0 0.636749 0.539195 0.165639 0.065678
0 0.742681 0.475636 0.138675 0.061441
0 0.934900 0.448093 0.130200 0.074153
0 0.515408 0.390890 0.154083 0.057203
0 0.700308 0.438559 0.146379 0.076271
0 0.723421 0.325212 0.146379 0.078390
0 0.806240 0.325212 0.157935 0.078390
0 0.917951 0.328390 0.119414 0.084746
0 0.792758 0.190678 0.115562 0.067797
0 0.681048 0.218220 0.100154 0.076271
0 0.917951 0.103814 0.119414 0.080508
0 0.709938 0.064619 0.127119 0.078390
1 0.959938 0.238347 0.080123 0.091102