1 0.652157 0.625000 0.165639 0.063559
0 0.265023 0.647246 0.154083 0.078390
0 0.078197 0.570975 0.134823 0.065678
0 0.066641 0.469280 0.104006 0.057203
0 0.434515 0.500000 0.138675 0.063559
0 0.469183 0.454449 0.146379 0.065678
0 0.690678 0.454449 0.165639 0.078390
0 0.623267 0.730932 0.161787 0.080508
0 0.496148 0.590042 0.169492 0.078390
0 0.879430 0.441737 0.134823 0.078390
0 0.909861 0.498941 0.180277 0.074153
0 0.790832 0.356992 0.111710 0.078390
0 0.936826 0.324153 0.126348 0.080508
0 0.827427 0.216102 0.130971 0.076271
0 0.813945 0.141949 0.119414 0.080508
0 0.542373 0.095339 0.146379 0.076271
0 0.671418 0.047669 0.127119 0.078390