0 0.082049 0.559322 0.150231 0.076271
0 0.411402 0.448093 0.123267 0.091102
0 0.550077 0.388771 0.107858 0.061441
0 0.864022 0.415254 0.111710 0.055085
0 0.783128 0.373941 0.157935 0.074153
0 0.713790 0.328390 0.104006 0.080508
0 0.838983 0.240466 0.138675 0.086864
0 0.973421 0.256356 0.053158 0.084746
0 0.673344 0.219280 0.100154 0.074153
0 0.763867 0.149364 0.142527 0.069915
0 0.444145 0.104873 0.111710 0.061441
0 0.272727 0.027542 0.161787 0.055084
0 0.636749 0.055085 0.111710 0.063559
0 0.800462 0.098517 0.092450 0.074153
1 0.902542 0.082627 0.119414 0.076271