0 0.128274 0.648305 0.142527 0.088983
0 0.365177 0.585805 0.146379 0.082627
0 0.324730 0.513771 0.142527 0.065678
0 0.376733 0.443856 0.123267 0.086864
0 0.544299 0.467161 0.142527 0.082627
1 0.553929 0.656780 0.184900 0.105932
0 0.478814 0.746822 0.188752 0.095339
0 0.932974 0.604873 0.134052 0.116525
0 0.873652 0.528602 0.238829 0.082627
0 0.783128 0.473517 0.219569 0.082627
0 0.804314 0.384534 0.130971 0.078390
0 0.921803 0.375000 0.150231 0.093220
0 0.854391 0.253178 0.184900 0.078390
0 0.827427 0.151483 0.092450 0.069915
0 0.914099 0.163136 0.127119 0.072034
0 0.605932 0.128178 0.119414 0.095339
0 0.702234 0.052966 0.119414 0.067797
0 0.850539 0.047669 0.107858 0.074153