1 0.249615 0.415254 0.146379 0.088983
0 0.259245 0.525424 0.142527 0.080508
0 0.657935 0.411017 0.154083 0.084746
0 0.846687 0.329449 0.107858 0.086864
0 0.935285 0.333686 0.115562 0.082627
0 0.665639 0.324153 0.130971 0.076271
0 0.723421 0.256356 0.130971 0.076271
0 0.833205 0.211864 0.127119 0.072034
0 0.956086 0.182203 0.087827 0.076271
0 0.734977 0.111229 0.123267 0.078390
0 0.810092 0.054025 0.119414 0.078390
0 0.411402 0.055085 0.115562 0.067797
0 0.471109 0.155720 0.127119 0.078390
0 0.640601 0.145127 0.096302 0.069915
0 0.598228 0.022246 0.142527 0.044492