1 0.700308 0.049788 0.130971 0.065678
0 0.636749 0.185381 0.150231 0.074153
0 0.865948 0.062500 0.115562 0.061441
0 0.904468 0.167373 0.130971 0.093220
0 0.831279 0.355932 0.115562 0.088983
0 0.661787 0.437500 0.154083 0.086864
0 0.848613 0.510593 0.157935 0.080508
0 0.954160 0.405720 0.091680 0.082627
0 0.372881 0.437500 0.115562 0.074153
0 0.353621 0.551907 0.123267 0.078390
0 0.505778 0.617585 0.173344 0.099576
0 0.642527 0.736229 0.169492 0.112288
0 0.172573 0.726695 0.177196 0.093220
0 0.045840 0.613347 0.091680 0.082627
0 0.051618 0.448093 0.103236 0.082627