1 0.840909 0.561441 0.134823 0.072034
0 0.415254 0.686441 0.146379 0.084746
0 0.844761 0.688559 0.173344 0.067797
0 0.582820 0.573093 0.096302 0.078390
0 0.517334 0.476695 0.165639 0.084746
0 0.153313 0.557203 0.154083 0.088983
0 0.082049 0.488347 0.119414 0.061441
0 0.885208 0.455508 0.154083 0.084746
0 0.792758 0.360169 0.123267 0.072034
0 0.944530 0.286017 0.110940 0.088983
0 0.894838 0.222458 0.127119 0.084746
0 0.634823 0.204449 0.123267 0.078390
0 0.954160 0.145127 0.091680 0.074153
0 0.694530 0.073093 0.096302 0.074153
0 0.825501 0.069915 0.111710 0.076271