0 0.257319 0.723517 0.154083 0.091102
1 0.669492 0.041314 0.169492 0.057203
0 0.885208 0.147246 0.115562 0.082627
0 0.860169 0.059322 0.157935 0.072034
0 0.652157 0.181144 0.165639 0.074153
0 0.838983 0.337924 0.123267 0.086864
0 0.921418 0.496822 0.157164 0.078390
0 0.550077 0.618644 0.154083 0.105932
0 0.403698 0.551907 0.115562 0.074153
0 0.363251 0.433263 0.119414 0.065678
0 0.669492 0.438559 0.146379 0.084746
0 0.950308 0.403602 0.099384 0.095339
0 0.698382 0.738347 0.181048 0.112288
0 0.097458 0.614407 0.165639 0.080508
0 0.064715 0.463983 0.123267 0.076271