0 0.162943 0.500000 0.127119 0.072034
0 0.293914 0.546610 0.142527 0.067797
0 0.214946 0.700212 0.130971 0.086864
0 0.538521 0.592161 0.154083 0.091102
0 0.426810 0.423729 0.107858 0.059322
0 0.604006 0.480932 0.161787 0.067797
0 0.810092 0.634534 0.188752 0.074153
0 0.786980 0.405720 0.119414 0.078390
0 0.912173 0.472458 0.146379 0.080508
0 0.835131 0.406780 0.130971 0.084746
0 0.944530 0.328390 0.110940 0.072034
0 0.860169 0.268008 0.104006 0.074153
0 0.748459 0.247881 0.119414 0.093220
0 0.837057 0.121822 0.104006 0.091102
0 0.917951 0.043432 0.104006 0.078390
0 0.954160 0.158898 0.091680 0.084746
0 0.424884 0.080508 0.142527 0.072034
0 0.544299 0.109110 0.104006 0.069915