1 0.827427 0.524364 0.177196 0.065678
1 0.898690 0.100636 0.127119 0.074153
0 0.266949 0.726695 0.157935 0.088983
0 0.091680 0.519068 0.169492 0.063559
0 0.336287 0.453390 0.119414 0.067797
0 0.453775 0.534958 0.154083 0.074153
0 0.523112 0.610169 0.146379 0.093220
0 0.923344 0.596398 0.153312 0.069915
0 0.675270 0.433263 0.150231 0.069915
0 0.744607 0.391949 0.134823 0.067797
0 0.871726 0.364407 0.150231 0.076271
0 0.929122 0.298729 0.141756 0.084746
0 0.823575 0.220339 0.169492 0.072034
0 0.623267 0.115466 0.115562 0.082627
0 0.769646 0.066737 0.130971 0.074153