0 0.068567 0.646186 0.123267 0.093220
0 0.343991 0.600636 0.188752 0.091102
0 0.249615 0.520127 0.123267 0.082627
0 0.309322 0.456568 0.104006 0.082627
0 0.474961 0.473517 0.142527 0.065678
0 0.424884 0.763771 0.196456 0.103814
1 0.501926 0.663136 0.181048 0.088983
0 0.913713 0.638771 0.172573 0.082627
0 0.794684 0.552966 0.181048 0.080508
0 0.721495 0.485169 0.204160 0.084746
0 0.800462 0.386653 0.154083 0.069915
0 0.613636 0.129237 0.111710 0.072034
0 0.871726 0.288136 0.142527 0.076271
0 0.825501 0.162076 0.111710 0.074153
0 0.727273 0.067797 0.123267 0.076271
0 0.869800 0.062500 0.115562 0.078390
0 0.914099 0.193856 0.104006 0.086864