0 0.342065 0.628178 0.107858 0.078390
0 0.320878 0.411017 0.104006 0.084746
0 0.438367 0.497881 0.130971 0.080508
0 0.507704 0.545551 0.154083 0.082627
0 0.719569 0.585805 0.138675 0.082627
0 0.615562 0.407839 0.130971 0.078390
0 0.756163 0.433263 0.165639 0.082627
0 0.919492 0.453390 0.161016 0.110169
0 0.775424 0.320975 0.119414 0.069915
0 0.862096 0.288136 0.107858 0.080508
0 0.934900 0.270127 0.130200 0.103814
0 0.733051 0.185381 0.111710 0.069915
0 0.754237 0.109110 0.138675 0.078390
0 0.840909 0.115466 0.111710 0.091102
0 0.944530 0.140890 0.110940 0.091102
0 0.528891 0.074153 0.111710 0.084746