1 0.388290 0.673729 0.177196 0.097458
0 0.197612 0.609110 0.142527 0.082627
0 0.153313 0.523305 0.177196 0.080508
0 0.245763 0.458686 0.177196 0.091102
0 0.265023 0.754237 0.146379 0.097458
0 0.806240 0.695975 0.204160 0.074153
0 0.657935 0.578390 0.169492 0.093220
0 0.563559 0.510593 0.165639 0.067797
0 0.359399 0.477754 0.150231 0.065678
0 0.715716 0.426907 0.146379 0.078390
0 0.896764 0.448093 0.154083 0.078390
0 0.879430 0.320975 0.142527 0.078390
0 0.625193 0.164195 0.119414 0.078390
0 0.862096 0.171610 0.138675 0.076271
0 0.938752 0.217161 0.122496 0.086864
0 0.769646 0.073093 0.115562 0.082627
0 0.919877 0.096398 0.146379 0.099576