1 0.904468 0.102754 0.146379 0.086864
0 0.347843 0.447034 0.142527 0.088983
0 0.492296 0.408898 0.130971 0.063559
0 0.692604 0.345339 0.123267 0.076271
0 0.688752 0.397246 0.138675 0.069915
0 0.867874 0.432203 0.127119 0.055085
0 0.961864 0.276483 0.076271 0.074153
0 0.846687 0.253178 0.130971 0.082627
0 0.667565 0.238347 0.111710 0.074153
0 0.761941 0.151483 0.130971 0.078390
0 0.652157 0.073093 0.104006 0.065678
0 0.282357 0.023305 0.104006 0.046610
0 0.449923 0.116525 0.107858 0.067797
0 0.821649 0.101695 0.096302 0.076271