0 0.186719 0.269886 0.089063 0.198864
0 0.450000 0.336648 0.087500 0.178977
0 0.901563 0.762784 0.090625 0.156250
0 0.824219 0.671875 0.092188 0.173295
0 0.243750 0.921875 0.090625 0.150568
0 0.243750 0.921875 0.090625 0.150568
0 0.948438 0.464489 0.103124 0.178977
0 0.902344 0.761364 0.092188 0.153409
0 0.450000 0.335227 0.087500 0.176136
0 0.185937 0.271307 0.090625 0.196023
0 0.345313 0.568182 0.096875 0.170455
0 0.111719 0.613636 0.092188 0.170455
0 0.689844 0.322443 0.089063 0.133523
0 0.578906 0.443182 0.089063 0.159091
0 0.439063 0.890625 0.084375 0.133523
0 0.680469 0.808239 0.089063 0.156250
0 0.628125 0.526989 0.093750 0.144886
0 0.392969 0.448864 0.085938 0.159091
0 0.357031 0.875000 0.085938 0.153409
0 0.558594 0.642045 0.107813 0.181818