0 0.921094 0.667614 0.085938 0.181818
0 0.828906 0.282670 0.092188 0.133523
0 0.507812 0.842330 0.084375 0.144886
0 0.935156 0.325284 0.110937 0.173295
0 0.565625 0.370739 0.093750 0.150568
0 0.062500 0.934659 0.090625 0.130682
0 0.754687 0.796875 0.084375 0.167614
0 0.307031 0.326705 0.092188 0.187500
0 0.064062 0.403409 0.087500 0.193182
0 0.550000 0.477273 0.087500 0.136364
0 0.729688 0.382102 0.103125 0.156250
0 0.657031 0.659091 0.107813 0.181818
0 0.746875 0.521307 0.096875 0.150568
0 0.430469 0.801136 0.085938 0.159091
0 0.461719 0.592330 0.098437 0.178977
0 0.265625 0.765625 0.096875 0.161932
0 0.217187 0.593750 0.087500 0.176136