0 0.578906 0.911932 0.092188 0.170455
0 0.375000 0.061080 0.084375 0.122159
0 0.058594 0.696023 0.085938 0.147727
0 0.364844 0.946023 0.085938 0.107954
0 0.569531 0.669034 0.085938 0.144886
0 0.732813 0.525568 0.100000 0.136364
0 0.349219 0.786932 0.110937 0.170455
0 0.691406 0.772727 0.092188 0.176136
0 0.446875 0.380682 0.084375 0.142045
0 0.760156 0.669034 0.101562 0.167614
0 0.826563 0.615057 0.118750 0.178977
0 0.665625 0.419034 0.084375 0.139205
0 0.090625 0.194602 0.106250 0.201705
0 0.847656 0.386364 0.110937 0.193182
0 0.435156 0.501420 0.101562 0.167614
0 0.129688 0.656250 0.096875 0.181818