0 0.150781 0.565341 0.095312 0.187500
0 0.846875 0.651989 0.106250 0.173295
0 0.734375 0.825284 0.103125 0.184659
0 0.846875 0.651989 0.106250 0.173295
0 0.095312 0.328125 0.093750 0.161932
0 0.507031 0.785511 0.104687 0.144886
0 0.279687 0.879261 0.087500 0.139205
0 0.357031 0.056818 0.073438 0.113636
0 0.588281 0.497159 0.107813 0.193182
0 0.534375 0.660511 0.100000 0.173295
0 0.151562 0.566761 0.096875 0.190341
0 0.264062 0.774148 0.100000 0.190341
0 0.449219 0.257102 0.095312 0.167614
0 0.042969 0.799716 0.085938 0.156250
0 0.352344 0.345170 0.089063 0.178977