0 0.217187 0.926136 0.087500 0.147727
0 0.466507 0.308485 0.076764 0.189091
0 0.477344 0.732955 0.089063 0.170455
0 0.217187 0.927557 0.087500 0.144886
0 0.712500 0.762784 0.103125 0.156250
0 0.632812 0.826705 0.090625 0.170455
0 0.689844 0.303977 0.104687 0.159091
0 0.386719 0.893466 0.085938 0.144886
0 0.675000 0.657670 0.093750 0.156250
0 0.930469 0.759943 0.110937 0.178977
0 0.314844 0.330966 0.085938 0.190341
0 0.694531 0.409091 0.107813 0.136364
0 0.116406 0.588068 0.101562 0.181818
0 0.382031 0.639205 0.095312 0.187500
0 0.572656 0.461648 0.092188 0.184659