0 0.425000 0.504261 0.087500 0.167614
0 0.103125 0.671875 0.103125 0.161932
0 0.395312 0.274148 0.075000 0.156250
0 0.226562 0.541193 0.084375 0.161932
0 0.490625 0.828125 0.090625 0.167614
0 0.425000 0.501420 0.087500 0.167614
0 0.891406 0.517045 0.114063 0.187500
0 0.226562 0.541193 0.084375 0.161932
0 0.482812 0.333807 0.084375 0.127841
0 0.474219 0.751420 0.095312 0.184659
0 0.394531 0.653409 0.101562 0.159091
0 0.692969 0.372159 0.089063 0.153409
0 0.617969 0.448864 0.092188 0.176136
0 0.132031 0.129261 0.095312 0.173295
0 0.143750 0.315341 0.093750 0.176136
0 0.646094 0.609375 0.098437 0.184659
0 0.241406 0.799716 0.082812 0.156250