0 0.902344 0.372159 0.123438 0.193182
0 0.659375 0.318182 0.106250 0.170455
0 0.667941 0.766667 0.110993 0.176162
0 0.550000 0.927557 0.087500 0.144886
0 0.900000 0.372159 0.125000 0.193182
0 0.467969 0.373580 0.082812 0.144886
0 0.659375 0.319602 0.106250 0.167614
0 0.782031 0.738636 0.126563 0.170455
0 0.340625 0.208807 0.081250 0.144886
0 0.400781 0.549716 0.101562 0.196023
0 0.805469 0.509943 0.107813 0.167614
0 0.585938 0.704545 0.115625 0.193182
0 0.575000 0.444602 0.103125 0.190341
0 0.139844 0.600852 0.085938 0.161932
0 0.307031 0.701705 0.089063 0.164773
0 0.221875 0.214489 0.084375 0.144886
0 0.085938 0.421875 0.096875 0.173295