0 0.468750 0.500000 0.090625 0.159091
0 0.078906 0.409091 0.092188 0.170455
0 0.855469 0.687500 0.104687 0.181818
0 0.467969 0.498580 0.089063 0.156250
0 0.659375 0.318182 0.100000 0.153409
0 0.596875 0.629261 0.106250 0.139205
0 0.079687 0.407670 0.090625 0.167614
0 0.711719 0.613636 0.104687 0.142045
0 0.757031 0.443182 0.098437 0.142045
0 0.567187 0.373580 0.084375 0.144886
0 0.331250 0.164773 0.093750 0.164773
0 0.343750 0.656250 0.081250 0.153409
0 0.677344 0.490057 0.095312 0.139205
0 0.402344 0.877841 0.085938 0.153409
0 0.746094 0.813920 0.104687 0.178977
0 0.085156 0.569602 0.085938 0.167614