0 0.125000 0.886364 0.100000 0.159091
0 0.682813 0.461648 0.084375 0.156250
0 0.714063 0.328125 0.096875 0.150568
0 0.612500 0.840909 0.093750 0.153409
0 0.163281 0.092329 0.098437 0.184658
0 0.561719 0.609375 0.092188 0.161932
0 0.850000 0.829545 0.096875 0.142045
0 0.823438 0.396307 0.103125 0.156250
0 0.152344 0.477273 0.092188 0.187500
0 0.516406 0.745739 0.098437 0.173295
0 0.825781 0.526989 0.098437 0.133523
0 0.357031 0.507102 0.098437 0.167614
0 0.753906 0.644886 0.110937 0.170455
0 0.334375 0.650568 0.103125 0.193182
0 0.451562 0.335227 0.093750 0.193182