0 0.864844 0.318182 0.095312 0.181818
0 0.583594 0.791193 0.095312 0.150568
0 0.572656 0.642045 0.098437 0.136364
0 0.245312 0.812500 0.093750 0.164773
0 0.200781 0.545455 0.101562 0.170455
0 0.477344 0.875000 0.101562 0.159091
0 0.161719 0.751420 0.085938 0.144886
0 0.630469 0.666193 0.114063 0.178977
0 0.480469 0.610795 0.085938 0.142045
0 0.506250 0.414773 0.093750 0.113636
0 0.721094 0.383523 0.085938 0.147727
0 0.033594 0.487216 0.067187 0.178977
0 0.378125 0.696023 0.100000 0.147727
0 0.419531 0.465909 0.101562 0.153409
0 0.393750 0.187500 0.096875 0.147727
0 0.292969 0.413352 0.085938 0.161932