0 0.136719 0.914773 0.092188 0.153409
0 0.503906 0.769886 0.089063 0.164773
0 0.387500 0.879261 0.093750 0.161932
0 0.136719 0.916193 0.092188 0.150568
0 0.671875 0.830966 0.087500 0.167614
0 0.289844 0.741553 0.101562 0.176288
0 0.350000 0.279830 0.100000 0.178977
0 0.689844 0.367898 0.089063 0.156250
0 0.078906 0.448864 0.117188 0.193182
0 0.336719 0.568182 0.089063 0.176136
0 0.060156 0.728693 0.101562 0.161932
0 0.622656 0.637784 0.098437 0.190341
0 0.512500 0.553977 0.106250 0.153409
0 0.814062 0.457386 0.103125 0.187500
0 0.900781 0.651989 0.110937 0.178977