0 0.946094 0.715909 0.095312 0.164773
0 0.487500 0.338068 0.090625 0.142045
0 0.258594 0.828125 0.095312 0.167614
0 0.323438 0.045455 0.078125 0.090909
0 0.778906 0.836648 0.114063 0.144886
0 0.907031 0.403409 0.114063 0.204545
0 0.052344 0.522727 0.085938 0.159091
0 0.812500 0.630682 0.112500 0.147727
0 0.717188 0.718750 0.106250 0.147727
0 0.703906 0.501420 0.101562 0.161932
0 0.210156 0.403409 0.092188 0.176136
0 0.577344 0.529830 0.095312 0.178977
0 0.435156 0.535511 0.095312 0.167614
0 0.272656 0.669034 0.092188 0.156250
0 0.357031 0.360795 0.082812 0.164773
0 0.516406 0.785511 0.082812 0.150568