0 0.915625 0.241477 0.106250 0.159091
0 0.103125 0.909091 0.090625 0.153409
0 0.400563 0.333807 0.094875 0.196023
0 0.665625 0.338068 0.087500 0.142045
0 0.582031 0.857955 0.095312 0.147727
0 0.640625 0.470170 0.084375 0.150568
0 0.128125 0.071023 0.090625 0.142045
0 0.830469 0.836648 0.098437 0.144886
0 0.496094 0.775568 0.092188 0.170455
0 0.132812 0.457386 0.090625 0.187500
0 0.798437 0.389205 0.103125 0.153409
0 0.808594 0.529830 0.101562 0.139205
0 0.538281 0.572443 0.101562 0.173295
0 0.310156 0.705966 0.095312 0.173295
0 0.728906 0.649148 0.110937 0.178977
0 0.309375 0.544034 0.087500 0.161932