0 0.872656 0.755682 0.135937 0.147727
0 0.877344 0.867898 0.123438 0.156250
0 0.264844 0.090909 0.085938 0.164773
0 0.367969 0.184659 0.073438 0.147727
0 0.617969 0.755682 0.092188 0.164773
0 0.671094 0.559659 0.101562 0.181818
0 0.335938 0.772727 0.096875 0.159091
0 0.469531 0.404830 0.095312 0.161932
0 0.142969 0.933239 0.085938 0.133522
0 0.529688 0.590909 0.100000 0.176136
0 0.038281 0.147727 0.076562 0.159091
0 0.559375 0.335227 0.096875 0.176136
0 0.907031 0.622159 0.120312 0.164773
0 0.317969 0.630682 0.095312 0.164773
0 0.781250 0.497159 0.103125 0.187500
0 0.308594 0.423295 0.085938 0.181818
0 0.125781 0.528409 0.085938 0.164773
0 0.393333 0.945556 0.088000 0.108888