0 0.660156 0.735795 0.085938 0.164773
0 0.729688 0.561080 0.096875 0.161932
0 0.384375 0.251420 0.081250 0.156250
0 0.895312 0.900568 0.096875 0.153409
0 0.384375 0.251420 0.081250 0.156250
0 0.897656 0.237216 0.107813 0.178977
0 0.730469 0.558239 0.095312 0.167614
0 0.612500 0.694602 0.090625 0.161932
0 0.146875 0.140625 0.090625 0.178977
0 0.499219 0.830966 0.082812 0.139205
0 0.848437 0.485795 0.100000 0.164773
0 0.047656 0.528409 0.092188 0.176136
0 0.227344 0.776989 0.101562 0.173295
0 0.131250 0.309659 0.100000 0.181818
0 0.953906 0.720170 0.092188 0.173295
0 0.564062 0.400568 0.093750 0.170455
0 0.704687 0.298295 0.096875 0.159091
0 0.413281 0.424716 0.085938 0.144886
0 0.340625 0.558239 0.100000 0.178977
0 0.920000 0.400606 0.120889 0.164848