0 0.354688 0.316761 0.100000 0.190341
0 0.244531 0.856534 0.082812 0.156250
0 0.243750 0.856534 0.081250 0.150568
0 0.957031 0.788352 0.085938 0.173295
0 0.952344 0.518466 0.095312 0.173295
0 0.710156 0.838068 0.101562 0.159091
0 0.086719 0.823864 0.092188 0.147727
0 0.884375 0.240057 0.115625 0.156250
0 0.550000 0.357955 0.078125 0.153409
0 0.720312 0.745739 0.100000 0.161932
0 0.765625 0.356534 0.103125 0.184659
0 0.392188 0.872159 0.090625 0.164773
0 0.680469 0.487216 0.092188 0.178977
0 0.570312 0.660511 0.096875 0.178977
0 0.480469 0.718750 0.098437 0.170455
0 0.132031 0.548567 0.092188 0.158548
0 0.800781 0.600852 0.104687 0.161932
0 0.337500 0.647727 0.087500 0.181818