0 0.866406 0.278409 0.098437 0.176136
0 0.266406 0.771307 0.076563 0.133523
0 0.191406 0.055398 0.098437 0.110795
0 0.321875 0.639205 0.112500 0.153409
0 0.362500 0.321023 0.093750 0.159091
0 0.682031 0.261364 0.107813 0.164773
0 0.921094 0.724432 0.092188 0.142045
0 0.775781 0.441761 0.101562 0.178977
0 0.334375 0.471591 0.112500 0.170455
0 0.513281 0.609375 0.107813 0.156250
0 0.428906 0.802557 0.101562 0.161932
0 0.650781 0.502841 0.101562 0.147727
0 0.792969 0.612216 0.095312 0.127841
0 0.473437 0.349432 0.106250 0.210227
0 0.593750 0.734375 0.096875 0.173295
0 0.186719 0.289773 0.110937 0.193182
0 0.697656 0.680398 0.104687 0.156250
0 0.102344 0.771307 0.098437 0.161932
0 0.082031 0.561080 0.107813 0.190341