0 0.195312 0.268466 0.090625 0.178977
0 0.876562 0.801136 0.103125 0.153409
0 0.948438 0.663352 0.103124 0.196023
0 0.814062 0.311080 0.125000 0.196023
0 0.194531 0.269886 0.089063 0.176136
0 0.547656 0.822443 0.092188 0.161932
0 0.317187 0.640625 0.112500 0.178977
0 0.858594 0.561080 0.101562 0.178977
0 0.596094 0.610795 0.104687 0.142045
0 0.063281 0.492898 0.101562 0.184659
0 0.432813 0.274148 0.090625 0.178977
0 0.164062 0.931818 0.087500 0.136364
0 0.346094 0.781250 0.101562 0.159091
0 0.604688 0.504261 0.103125 0.156250
0 0.690625 0.714489 0.100000 0.190341
0 0.078125 0.654830 0.103125 0.184659
0 0.348437 0.438920 0.096875 0.196023
0 0.856000 0.883030 0.094222 0.190707