0 0.916406 0.576705 0.098437 0.153409
0 0.350781 0.921875 0.076563 0.156250
0 0.404687 0.944602 0.084375 0.110795
0 0.950000 0.485795 0.100000 0.176136
0 0.103125 0.238636 0.090625 0.193182
0 0.610937 0.330966 0.081250 0.144886
0 0.628125 0.798295 0.084375 0.153409
0 0.359375 0.247159 0.081250 0.181818
0 0.289062 0.436080 0.087500 0.156250
0 0.764844 0.647727 0.085938 0.181818
0 0.757812 0.438920 0.093750 0.161932
0 0.469531 0.477273 0.092188 0.170455
0 0.267188 0.573864 0.096875 0.170455
0 0.845312 0.754261 0.090625 0.156250
0 0.043750 0.646307 0.087500 0.167614
0 0.500000 0.644886 0.106250 0.181818
0 0.568750 0.558239 0.093750 0.139205