0 0.148438 0.387784 0.087500 0.190341
0 0.949219 0.890625 0.101562 0.167614
0 0.026562 0.515625 0.053124 0.156250
0 0.307031 0.322443 0.085938 0.167614
0 0.307813 0.322443 0.087500 0.167614
0 0.796094 0.384943 0.110937 0.173295
0 0.026562 0.515625 0.053124 0.156250
0 0.664062 0.711648 0.100000 0.150568
0 0.646094 0.511364 0.092188 0.159091
0 0.451562 0.319602 0.087500 0.144886
0 0.528125 0.539773 0.081250 0.176136
0 0.889844 0.714489 0.098437 0.161932
0 0.895312 0.296875 0.121875 0.190341
0 0.479688 0.781250 0.087500 0.153409
0 0.148438 0.386364 0.087500 0.187500
0 0.223438 0.857955 0.093750 0.153409
0 0.715625 0.825284 0.106250 0.161932
0 0.769531 0.625000 0.110937 0.142045
0 0.396875 0.515625 0.090625 0.178977
0 0.250781 0.686080 0.082812 0.144886