0 0.825781 0.384943 0.120312 0.178977
0 0.816406 0.833807 0.104687 0.173295
0 0.788281 0.267045 0.095312 0.153409
0 0.235156 0.705966 0.089063 0.167614
0 0.235156 0.707386 0.089063 0.164773
0 0.714844 0.740057 0.104687 0.173295
0 0.825000 0.387784 0.118750 0.178977
0 0.523438 0.761364 0.121875 0.227273
0 0.139844 0.120739 0.085938 0.150568
0 0.035937 0.409091 0.071874 0.170455
0 0.761719 0.529830 0.107813 0.167614
0 0.610156 0.313920 0.092188 0.161932
0 0.420312 0.285511 0.075000 0.156250
0 0.072656 0.571023 0.082812 0.159091
0 0.193750 0.250000 0.087500 0.159091
0 0.274219 0.164773 0.082812 0.147727
0 0.530469 0.434659 0.092188 0.187500
0 0.350000 0.536932 0.096875 0.181818