0 0.600000 0.829545 0.090625 0.147727
0 0.767187 0.481534 0.109375 0.144886
0 0.490625 0.353693 0.081250 0.173295
0 0.766406 0.481534 0.107813 0.144886
0 0.330469 0.056818 0.095312 0.113636
0 0.439844 0.676136 0.095312 0.159091
0 0.564062 0.348011 0.096875 0.144886
0 0.122656 0.943182 0.079687 0.113636
0 0.300000 0.541193 0.087500 0.144886
0 0.807031 0.407670 0.107813 0.161932
0 0.554688 0.750000 0.100000 0.159091
0 0.036719 0.887784 0.073438 0.133523
0 0.087500 0.686080 0.084375 0.139205
0 0.332812 0.762784 0.090625 0.144886
0 0.191406 0.086648 0.092188 0.167614
0 0.517969 0.522727 0.092188 0.170455
0 0.743750 0.620739 0.106250 0.184659
0 0.070313 0.397727 0.087500 0.153409
0 0.175000 0.670455 0.090625 0.142045
0 0.243750 0.350852 0.093750 0.161932