0 0.817969 0.461648 0.110937 0.161932
0 0.909375 0.348011 0.112500 0.196023
0 0.808594 0.600852 0.107813 0.127841
0 0.735937 0.268466 0.121875 0.178977
0 0.368750 0.643466 0.106250 0.167614
0 0.458594 0.823864 0.101562 0.153409
0 0.553906 0.613636 0.120312 0.170455
0 0.695312 0.500000 0.100000 0.153409
0 0.528125 0.370739 0.109375 0.190341
0 0.636719 0.776989 0.101562 0.178977
0 0.735156 0.687500 0.107813 0.159091
0 0.225000 0.080966 0.096875 0.156250
0 0.375781 0.470170 0.104687 0.184659
0 0.234375 0.282670 0.106250 0.201705
0 0.111719 0.741477 0.089063 0.153409
0 0.409375 0.336648 0.093750 0.178977
0 0.117188 0.501420 0.103125 0.178977