0 0.878906 0.274148 0.104687 0.173295
0 0.372656 0.406250 0.089063 0.153409
0 0.893750 0.904830 0.096875 0.150568
0 0.699219 0.553977 0.092188 0.164773
0 0.885938 0.416193 0.109375 0.156250
0 0.829687 0.474432 0.109375 0.164773
0 0.639844 0.776989 0.082812 0.167614
0 0.571875 0.714489 0.090625 0.161932
0 0.196875 0.724432 0.100000 0.176136
0 0.354688 0.205966 0.084375 0.144886
0 0.471094 0.833807 0.070313 0.122159
0 0.077344 0.311080 0.098437 0.184659
0 0.117188 0.144886 0.093750 0.176136
0 0.680469 0.298295 0.098437 0.159091
0 0.308594 0.552557 0.098437 0.178977
0 0.531250 0.363636 0.090625 0.170455
0 0.926562 0.701705 0.106250 0.170455