0 0.483594 0.387784 0.085938 0.144886
0 0.207813 0.955966 0.081250 0.088068
0 0.100781 0.184659 0.107813 0.204545
0 0.092188 0.664773 0.084375 0.153409
0 0.385938 0.742898 0.125000 0.167614
0 0.782031 0.521307 0.095312 0.144886
0 0.037500 0.583807 0.071875 0.127841
0 0.792969 0.704545 0.101562 0.159091
0 0.623438 0.703125 0.081250 0.150568
0 0.101562 0.184659 0.109375 0.204545
0 0.748438 0.788352 0.090625 0.167614
0 0.842188 0.651989 0.115625 0.184659
0 0.398438 0.870739 0.093750 0.150568
0 0.159375 0.643466 0.096875 0.184659
0 0.485938 0.529830 0.109375 0.167614
0 0.711719 0.409091 0.089063 0.142045
0 0.373437 0.119318 0.090625 0.170455
0 0.894531 0.383523 0.110937 0.193182