0 0.959375 0.673295 0.081250 0.176136
0 0.663281 0.434659 0.095312 0.153409
0 0.402344 0.805398 0.095312 0.156250
0 0.466406 0.678977 0.098437 0.119318
0 0.657812 0.261364 0.106250 0.176136
0 0.735937 0.431818 0.106250 0.164773
0 0.054688 0.609545 0.106250 0.190000
0 0.477344 0.600852 0.101562 0.139205
0 0.608594 0.485795 0.098437 0.147727
0 0.276563 0.663352 0.106250 0.167614
0 0.779688 0.603693 0.090625 0.139205
0 0.559375 0.723011 0.100000 0.178977
0 0.421094 0.271307 0.095312 0.201705
0 0.671875 0.661932 0.100000 0.153409
0 0.096875 0.789773 0.100000 0.159091
0 0.321875 0.289773 0.096875 0.170455
0 0.283594 0.458807 0.114063 0.178977
0 0.139062 0.267045 0.112500 0.198864