0 0.954687 0.117898 0.090625 0.190341
0 0.157031 0.228693 0.101562 0.196023
0 0.157031 0.230114 0.101562 0.198864
0 0.789062 0.272727 0.087500 0.136364
0 0.067969 0.741477 0.095312 0.130682
0 0.421875 0.399148 0.096875 0.207386
0 0.513281 0.599432 0.107813 0.187500
0 0.782031 0.495739 0.101562 0.167614
0 0.894531 0.345170 0.110937 0.190341
0 0.679688 0.397727 0.087500 0.159091
0 0.848437 0.789773 0.106250 0.181818
0 0.052344 0.596591 0.101562 0.164773
0 0.396094 0.845170 0.095312 0.139205
0 0.769531 0.698864 0.104687 0.170455
0 0.374219 0.750000 0.085938 0.142045
0 0.574219 0.778409 0.101562 0.181818
0 0.241406 0.488636 0.107813 0.187500