0 0.724219 0.369318 0.114063 0.193182
0 0.883594 0.705966 0.110937 0.156250
0 0.195312 0.681818 0.084375 0.164773
0 0.724219 0.369318 0.114063 0.193182
0 0.366406 0.279830 0.076563 0.156250
0 0.564062 0.750000 0.087500 0.164773
0 0.195312 0.681818 0.084375 0.164773
0 0.475000 0.555398 0.093750 0.178977
0 0.805469 0.276989 0.114063 0.173295
0 0.892969 0.586648 0.114063 0.167614
0 0.310937 0.856534 0.087500 0.156250
0 0.258594 0.740057 0.076563 0.150568
0 0.238281 0.492898 0.089063 0.178977
0 0.594531 0.475852 0.089063 0.173295
0 0.654688 0.647727 0.096875 0.164773