0 0.951563 0.944602 0.096874 0.110795
0 0.478125 0.801136 0.087500 0.153409
0 0.287500 0.899148 0.078125 0.156250
0 0.046875 0.240057 0.090625 0.196023
0 0.527344 0.690341 0.085938 0.153409
0 0.528125 0.438920 0.087500 0.139205
0 0.589063 0.363636 0.087500 0.142045
0 0.337500 0.298295 0.081250 0.159091
0 0.760156 0.611136 0.123438 0.199546
0 0.211719 0.848011 0.079687 0.144886
0 0.370313 0.589489 0.087500 0.150568
0 0.575781 0.610795 0.101562 0.181818
0 0.694531 0.400568 0.098437 0.198864
0 0.299219 0.481534 0.098437 0.173295