0 0.447656 0.302557 0.076563 0.161932
0 0.681250 0.785511 0.106250 0.156250
0 0.447656 0.303977 0.073438 0.159091
0 0.671094 0.318182 0.104687 0.159091
0 0.853906 0.830966 0.104687 0.156250
0 0.457031 0.737216 0.098437 0.167614
0 0.349219 0.931818 0.092188 0.136364
0 0.604688 0.852273 0.106250 0.164773
0 0.635938 0.680398 0.096875 0.150568
0 0.902344 0.757102 0.110937 0.190341
0 0.684375 0.417614 0.109375 0.136364
0 0.303125 0.355114 0.093750 0.181818
0 0.091406 0.576705 0.104687 0.181818
0 0.573438 0.460227 0.090625 0.187500
0 0.361719 0.647727 0.098437 0.181818