0 0.884375 0.382102 0.109375 0.184659
0 0.588281 0.673295 0.089063 0.159091
0 0.089844 0.801136 0.092188 0.164773
0 0.089844 0.801136 0.092188 0.164773
0 0.922656 0.264205 0.117188 0.187500
0 0.494531 0.718750 0.095312 0.125000
0 0.588281 0.673295 0.089063 0.153409
0 0.332031 0.599432 0.079687 0.159091
0 0.812500 0.779830 0.100000 0.161932
0 0.496094 0.813920 0.092188 0.150568
0 0.457031 0.671875 0.085938 0.156250
0 0.577344 0.336648 0.089063 0.161932
0 0.794531 0.651989 0.104687 0.161932
0 0.784375 0.522727 0.112500 0.170455
0 0.381250 0.431818 0.081250 0.181818