0 0.165625 0.889205 0.081250 0.142045
0 0.511719 0.406250 0.089063 0.164773
0 0.414844 0.882102 0.089063 0.144886
0 0.400781 0.262784 0.079687 0.139205
0 0.732813 0.566761 0.106250 0.190341
0 0.600781 0.353693 0.095312 0.161932
0 0.165625 0.890625 0.081250 0.144886
0 0.350000 0.446023 0.090625 0.176136
0 0.378125 0.765625 0.090625 0.161932
0 0.820312 0.526989 0.109375 0.196023
0 0.300000 0.166193 0.090625 0.156250
0 0.664062 0.759943 0.093750 0.173295
0 0.072656 0.169034 0.098437 0.161932
0 0.060156 0.275568 0.098437 0.159091
0 0.576563 0.598011 0.103125 0.184659
0 0.045312 0.669034 0.090624 0.156250
0 0.157031 0.519886 0.089063 0.170455
0 0.339063 0.623580 0.096875 0.161932