0 0.910937 0.515625 0.118750 0.167614
0 0.426562 0.750000 0.103125 0.170455
0 0.644531 0.786932 0.107813 0.147727
0 0.281250 0.403409 0.093750 0.187500
0 0.335938 0.629261 0.100000 0.184659
0 0.654688 0.322443 0.106250 0.167614
0 0.672656 0.420455 0.107813 0.147727
0 0.817187 0.801136 0.100000 0.164773
0 0.563281 0.865057 0.092188 0.173295
0 0.597656 0.686080 0.101562 0.156250
0 0.430469 0.299716 0.079687 0.161932
0 0.065625 0.558239 0.096875 0.184659
0 0.882031 0.735795 0.110937 0.187500
0 0.567969 0.467330 0.092188 0.178977