0 0.810156 0.515625 0.117188 0.150568
0 0.905469 0.220170 0.104687 0.173295
0 0.411472 0.845170 0.097944 0.167614
0 0.906250 0.218750 0.106250 0.170455
0 0.203906 0.876420 0.092188 0.161932
0 0.943750 0.380682 0.112500 0.176136
0 0.152344 0.801136 0.101562 0.147727
0 0.137500 0.714489 0.100000 0.156250
0 0.182812 0.322443 0.093750 0.184659
0 0.380469 0.588068 0.092188 0.181818
0 0.721875 0.294034 0.112500 0.190341
0 0.154687 0.538352 0.093750 0.178977
0 0.593750 0.683239 0.100000 0.178977
0 0.606250 0.339489 0.106250 0.196023
0 0.440625 0.409091 0.084375 0.181818
0 0.764844 0.751420 0.114063 0.167614
0 0.768000 0.586465 0.112000 0.160000