0 0.209436 0.380682 0.093629 0.164773
0 0.715625 0.812500 0.100000 0.147727
0 0.012500 0.487216 0.025000 0.184659
0 0.833594 0.637784 0.110937 0.190341
0 0.833594 0.637784 0.107813 0.190341
0 0.221094 0.279830 0.101562 0.127841
0 0.406250 0.619318 0.093750 0.130682
0 0.789844 0.332386 0.092188 0.164773
0 0.208594 0.382102 0.095312 0.167614
0 0.430469 0.401989 0.098437 0.127841
0 0.634375 0.383523 0.075000 0.164773
0 0.524219 0.661932 0.107813 0.176136
0 0.159124 0.853900 0.097375 0.167200
0 0.076563 0.805398 0.084375 0.156250
0 0.335156 0.072443 0.095312 0.144886
0 0.339844 0.434659 0.107813 0.170455
0 0.284375 0.737216 0.096875 0.150568
0 0.121875 0.586648 0.093750 0.161932