0 0.787500 0.289426 0.109375 0.176831
0 0.705469 0.357955 0.107813 0.181818
0 0.703906 0.356534 0.107813 0.178977
0 0.518750 0.329545 0.078125 0.136364
0 0.046875 0.720170 0.087500 0.150568
0 0.350781 0.315341 0.098437 0.187500
0 0.788281 0.613636 0.107813 0.142045
0 0.345313 0.781250 0.084375 0.159091
0 0.574219 0.443182 0.089063 0.181818
0 0.542188 0.835227 0.084375 0.159091
0 0.824219 0.526989 0.120312 0.161932
0 0.819531 0.812500 0.104687 0.181818
0 0.616406 0.750000 0.095312 0.170455
0 0.227344 0.674716 0.089063 0.156250
0 0.463281 0.627841 0.095312 0.176136