0 0.831250 0.910511 0.096875 0.139205
0 0.856250 0.463068 0.109375 0.159091
0 0.825000 0.622159 0.118750 0.119318
0 0.404687 0.681818 0.109375 0.159091
0 0.856250 0.467330 0.109375 0.161932
0 0.936719 0.345170 0.114063 0.190341
0 0.402344 0.680398 0.110937 0.156250
0 0.589844 0.667614 0.095312 0.136364
0 0.725000 0.508523 0.103125 0.142045
0 0.685156 0.784091 0.098437 0.164773
0 0.787500 0.693182 0.118750 0.142045
0 0.303125 0.933239 0.093750 0.133522
0 0.472656 0.346591 0.095312 0.187500
0 0.257812 0.109375 0.100000 0.190341
0 0.580469 0.345170 0.107813 0.190341
0 0.780469 0.264205 0.117188 0.193182
0 0.052344 0.146307 0.092188 0.167614
0 0.605469 0.586648 0.101562 0.133523
0 0.423438 0.465909 0.109375 0.204545
0 0.135156 0.700284 0.095312 0.167614
0 0.481250 0.829545 0.100000 0.159091
0 0.282813 0.322443 0.109375 0.184659
0 0.155469 0.475852 0.110937 0.184659