0 0.073438 0.634943 0.093750 0.167614
0 0.931250 0.953125 0.096875 0.093750
0 0.151556 0.247159 0.098667 0.193182
0 0.407031 0.302557 0.082812 0.184659
0 0.310156 0.568182 0.095312 0.164773
0 0.591406 0.553977 0.095312 0.136364
0 0.796094 0.669034 0.095312 0.178977
0 0.641406 0.326705 0.089063 0.136364
0 0.227344 0.937500 0.092188 0.125000
0 0.660937 0.803977 0.087500 0.159091
0 0.876562 0.758523 0.093750 0.170455
0 0.527344 0.457386 0.089063 0.159091
0 0.425781 0.930398 0.076563 0.133523
0 0.073438 0.634943 0.093750 0.167614
0 0.339063 0.448864 0.087500 0.159091
0 0.356250 0.911932 0.078125 0.164773
0 0.814844 0.401989 0.104687 0.173295
0 0.526563 0.657670 0.106250 0.184659