0 0.363281 0.850852 0.085938 0.144886
0 0.767969 0.370739 0.101562 0.127841
0 0.170312 0.734375 0.087500 0.161932
0 0.477344 0.419034 0.095312 0.178977
0 0.759375 0.281774 0.103125 0.148776
0 0.732813 0.460227 0.106250 0.153409
0 0.478906 0.420455 0.095312 0.181818
0 0.170312 0.734375 0.087500 0.161932
0 0.084375 0.169034 0.078125 0.139205
0 0.194531 0.187500 0.089063 0.147727
0 0.164062 0.278409 0.087500 0.147727
0 0.428906 0.779830 0.104687 0.201705
0 0.554688 0.340909 0.096875 0.159091
0 0.756250 0.848011 0.093750 0.156250
0 0.687500 0.563920 0.109375 0.156250
0 0.653906 0.788352 0.098437 0.167614
0 0.389062 0.167614 0.078125 0.159091
0 0.292188 0.552557 0.096875 0.190341