0 0.157813 0.707386 0.090625 0.164773
0 0.825781 0.598011 0.117188 0.161932
0 0.860937 0.514205 0.112500 0.153409
0 0.157813 0.705966 0.090625 0.167614
0 0.444531 0.776989 0.089063 0.156250
0 0.240625 0.875000 0.084375 0.153409
0 0.193750 0.805398 0.078125 0.150568
0 0.641406 0.356534 0.104687 0.184659
0 0.755469 0.298295 0.107813 0.187500
0 0.819531 0.714489 0.120312 0.178977
0 0.237500 0.282670 0.087500 0.167614
0 0.179688 0.535511 0.090625 0.173295
0 0.628125 0.677557 0.103125 0.173295
0 0.417188 0.583807 0.093750 0.184659
0 0.503125 0.433239 0.087500 0.190341