0 0.952344 0.184659 0.095312 0.176136
0 0.467187 0.308239 0.084375 0.144886
0 0.490625 0.485795 0.084375 0.136364
0 0.646875 0.670455 0.084375 0.164773
0 0.714063 0.758523 0.081250 0.153409
0 0.618750 0.427557 0.087500 0.150568
0 0.216406 0.146307 0.085938 0.178977
0 0.785156 0.303977 0.098437 0.170455
0 0.117969 0.553977 0.092188 0.170455
0 0.786719 0.549716 0.098437 0.173295
0 0.095312 0.419034 0.087500 0.167614
0 0.889063 0.464489 0.096875 0.178977
0 0.253125 0.352273 0.093750 0.176136
0 0.278125 0.843750 0.096875 0.176136
0 0.404687 0.565341 0.096875 0.181818