0 0.182812 0.696023 0.093750 0.164773
0 0.767969 0.721591 0.092188 0.153409
0 0.140625 0.914773 0.090625 0.153409
0 0.857813 0.789773 0.100000 0.147727
0 0.903125 0.224432 0.125000 0.210227
0 0.182812 0.697443 0.093750 0.167614
0 0.564844 0.727273 0.107813 0.153409
0 0.765625 0.318182 0.115625 0.176136
0 0.895312 0.562500 0.106250 0.170455
0 0.615625 0.830966 0.103125 0.167614
0 0.425000 0.453125 0.078125 0.156250
0 0.656250 0.376420 0.109375 0.150568
0 0.389062 0.792614 0.084375 0.136364
0 0.548437 0.484375 0.100000 0.161932
0 0.371875 0.279830 0.093750 0.150568
0 0.695312 0.609375 0.112500 0.139205
0 0.197656 0.247159 0.085938 0.193182
0 0.047656 0.357955 0.092188 0.187500
0 0.314063 0.467330 0.096875 0.178977