0 0.803906 0.323864 0.101562 0.170455
0 0.739062 0.454545 0.090625 0.170455
0 0.682813 0.842330 0.103125 0.178977
0 0.739062 0.455966 0.090625 0.173295
0 0.900000 0.494318 0.112500 0.147727
0 0.199219 0.914773 0.079687 0.136364
0 0.900000 0.495739 0.112500 0.144886
0 0.880469 0.785511 0.101562 0.150568
0 0.035937 0.228693 0.071874 0.167614
0 0.682813 0.842330 0.106250 0.178977
0 0.235938 0.129261 0.087500 0.190341
0 0.903125 0.386364 0.112500 0.159091
0 0.807031 0.321023 0.104687 0.170455
0 0.386719 0.910511 0.073438 0.133523
0 0.164844 0.786932 0.092188 0.147727
0 0.462500 0.431818 0.090625 0.164773
0 0.576563 0.724432 0.096875 0.176136
0 0.198437 0.458807 0.100000 0.184659
0 0.534375 0.328125 0.093750 0.161932
0 0.640625 0.585227 0.096875 0.170455
0 0.827344 0.653409 0.114063 0.181818
0 0.400781 0.606534 0.104687 0.201705