0 0.316406 0.674716 0.101562 0.139205
0 0.665625 0.812500 0.096875 0.170455
0 0.744531 0.771553 0.098437 0.145378
0 0.817969 0.627841 0.110937 0.198864
0 0.686719 0.586648 0.095312 0.122159
0 0.516406 0.437500 0.092188 0.159091
0 0.876562 0.440341 0.090625 0.187500
0 0.817187 0.627841 0.112500 0.204545
0 0.665625 0.811080 0.096875 0.167614
0 0.751562 0.619318 0.103125 0.153409
0 0.042188 0.931818 0.084375 0.136364
0 0.132812 0.491477 0.100000 0.181818
0 0.598437 0.477273 0.096875 0.159091
0 0.131250 0.590909 0.100000 0.159091
0 0.132031 0.492898 0.098437 0.184659
0 0.571875 0.345170 0.103125 0.167614
0 0.462500 0.495739 0.087500 0.144886
0 0.276563 0.197443 0.109375 0.173295
0 0.337500 0.598011 0.106250 0.156250
0 0.417188 0.740057 0.093750 0.173295
0 0.563281 0.659091 0.098437 0.164773
0 0.125781 0.240057 0.101562 0.184659