0 0.915625 0.928977 0.096875 0.142045
0 0.390625 0.941761 0.078125 0.116477
0 0.601562 0.798295 0.087500 0.136364
0 0.878906 0.572443 0.101562 0.178977
0 0.417969 0.464489 0.092188 0.184659
0 0.336719 0.909091 0.079687 0.164773
0 0.565625 0.325284 0.081250 0.150568
0 0.322656 0.218750 0.082812 0.181818
0 0.813281 0.732955 0.089063 0.159091
0 0.903125 0.250000 0.125000 0.164773
0 0.229687 0.552557 0.090625 0.167614
0 0.711719 0.438920 0.092188 0.167614
0 0.234375 0.431818 0.084375 0.159091
0 0.056250 0.224432 0.090625 0.181818
0 0.723437 0.649148 0.090625 0.178977
0 0.556250 0.519886 0.090625 0.147727
0 0.474219 0.632102 0.104687 0.190341