0 0.634375 0.542614 0.093750 0.159091
0 0.876562 0.724432 0.115625 0.193182
0 0.278906 0.348011 0.092188 0.161932
0 0.610156 0.326705 0.101562 0.176136
0 0.635156 0.545455 0.095312 0.159091
0 0.876562 0.889205 0.100000 0.147727
0 0.467969 0.332386 0.095312 0.164773
0 0.796875 0.528409 0.100000 0.164773
0 0.314063 0.105114 0.078125 0.147727
0 0.773438 0.417614 0.109375 0.147727
0 0.419531 0.872159 0.070313 0.125000
0 0.490625 0.708807 0.087500 0.161932
0 0.793750 0.264205 0.103125 0.170455
0 0.048438 0.133523 0.093750 0.181818
0 0.278906 0.348011 0.092188 0.161932
0 0.232031 0.534091 0.098437 0.181818
0 0.592188 0.806818 0.090625 0.164773
0 0.130469 0.660511 0.098437 0.178977