0 0.354688 0.318182 0.100000 0.187500
0 0.919531 0.538352 0.126563 0.201705
0 0.844531 0.254261 0.114063 0.184659
0 0.048438 0.875152 0.093750 0.158788
0 0.171875 0.933239 0.090625 0.133522
0 0.103125 0.630682 0.090625 0.159091
0 0.528906 0.333807 0.076563 0.144886
0 0.633594 0.856534 0.079687 0.156250
0 0.720312 0.345170 0.100000 0.178977
0 0.903906 0.761364 0.098437 0.176136
0 0.692187 0.731534 0.096875 0.150568
0 0.366406 0.943182 0.095312 0.113636
0 0.606250 0.471591 0.087500 0.181818
0 0.802344 0.602273 0.104687 0.164773
0 0.448438 0.687500 0.093750 0.164773
0 0.283594 0.656250 0.089063 0.181818
0 0.545313 0.603693 0.096875 0.178977