0 0.664844 0.725852 0.082812 0.161932
0 0.518750 0.380682 0.090625 0.136364
0 0.787500 0.813920 0.090625 0.167614
0 0.014063 0.258523 0.028125 0.198864
0 0.026562 0.873580 0.053124 0.156250
0 0.665625 0.724432 0.081250 0.159091
0 0.397656 0.718750 0.095312 0.159091
0 0.398438 0.718750 0.096875 0.164773
0 0.072656 0.555398 0.079687 0.139205
0 0.197656 0.615057 0.101562 0.184659
0 0.439844 0.802557 0.110937 0.184659
0 0.128125 0.661932 0.087500 0.159091
0 0.234375 0.934659 0.084375 0.130682
0 0.857031 0.670455 0.123438 0.187500
0 0.756250 0.424716 0.087500 0.144886
0 0.121094 0.205966 0.114063 0.190341
0 0.386719 0.190341 0.079687 0.136364
0 0.521094 0.535511 0.104687 0.173295
0 0.932031 0.376420 0.107813 0.190341