0 0.821875 0.678977 0.100000 0.181818
0 0.891406 0.508523 0.101562 0.170455
0 0.703125 0.825284 0.090625 0.156250
0 0.704687 0.823864 0.090625 0.153409
0 0.354688 0.166193 0.084375 0.150568
0 0.639844 0.437500 0.089063 0.113636
0 0.664844 0.359375 0.089063 0.133523
0 0.639844 0.524148 0.095312 0.139205
0 0.202344 0.860795 0.079687 0.119318
0 0.614844 0.737216 0.095312 0.167614
0 0.496875 0.650568 0.100000 0.159091
0 0.892187 0.508523 0.103125 0.170455
0 0.410156 0.779830 0.092188 0.150568
0 0.339844 0.404830 0.095312 0.161932
0 0.115625 0.420455 0.090625 0.159091
0 0.376563 0.529830 0.087500 0.144886
0 0.253125 0.637784 0.084375 0.150568
0 0.085156 0.863636 0.079687 0.142045
0 0.166406 0.590909 0.089063 0.142045