0 0.920313 0.823864 0.109375 0.153409
0 0.225000 0.649148 0.090625 0.167614
0 0.275000 0.073864 0.093750 0.147727
0 0.032031 0.271307 0.064062 0.161932
0 0.494577 0.718352 0.070402 0.101477
0 0.531250 0.887784 0.087500 0.167614
0 0.033594 0.269886 0.067187 0.164773
0 0.169531 0.541193 0.085938 0.150568
0 0.587500 0.357955 0.087500 0.153409
0 0.300781 0.880682 0.089063 0.147727
0 0.282813 0.613636 0.106250 0.198864
0 0.084375 0.802557 0.084375 0.150568
0 0.177344 0.278409 0.104687 0.181818
0 0.451562 0.321023 0.090625 0.153409
0 0.617969 0.572443 0.101562 0.178977
0 0.887111 0.716566 0.115556 0.160000
0 0.523556 0.782020 0.081778 0.119596