0 0.707812 0.359375 0.090625 0.161932
0 0.081250 0.923295 0.093750 0.153409
0 0.636719 0.714489 0.082812 0.144886
0 0.636719 0.713068 0.082812 0.142045
0 0.123438 0.218750 0.093750 0.153409
0 0.203906 0.728693 0.095312 0.167614
0 0.203906 0.728693 0.095312 0.161932
0 0.017969 0.815341 0.035937 0.142045
0 0.747656 0.613636 0.101562 0.181818
0 0.081250 0.921875 0.093750 0.156250
0 0.746875 0.613636 0.103125 0.181818
0 0.302344 0.606534 0.089063 0.139205
0 0.639063 0.818182 0.090625 0.142045
0 0.568750 0.404830 0.075000 0.156250
0 0.333594 0.928977 0.082812 0.130682
0 0.137500 0.312500 0.096875 0.159091
0 0.429688 0.627841 0.118750 0.164773
0 0.356250 0.323883 0.090625 0.153447
0 0.056250 0.632102 0.093750 0.156250
0 0.272656 0.349432 0.095312 0.159091