0 0.403906 0.813920 0.098437 0.144886
0 0.564062 0.326705 0.084375 0.147727
0 0.088281 0.572443 0.098437 0.184659
0 0.425000 0.923295 0.084375 0.147727
0 0.568750 0.940341 0.090625 0.119318
0 0.324219 0.053977 0.076563 0.107954
0 0.088281 0.572443 0.098437 0.184659
0 0.177344 0.786932 0.101562 0.193182
0 0.498437 0.558239 0.109375 0.173295
0 0.664844 0.802557 0.092188 0.150568
0 0.535937 0.440341 0.090625 0.136364
0 0.425000 0.177557 0.087500 0.173295
0 0.723437 0.643466 0.100000 0.178977
0 0.057031 0.360795 0.095312 0.164773
0 0.463281 0.698864 0.098437 0.164773
0 0.294531 0.305398 0.095312 0.173295
0 0.202222 0.932626 0.089778 0.134747