0 0.613281 0.686080 0.082812 0.156250
0 0.716406 0.585227 0.095312 0.153409
0 0.394531 0.323864 0.089063 0.170455
0 0.813281 0.683239 0.101562 0.156250
0 0.201562 0.958807 0.075000 0.082386
0 0.800781 0.521307 0.104687 0.156250
0 0.798437 0.519886 0.100000 0.159091
0 0.394531 0.325284 0.089063 0.173295
0 0.068750 0.788352 0.087500 0.150568
0 0.171094 0.571023 0.082812 0.170455
0 0.595312 0.488636 0.090625 0.159091
0 0.457031 0.629261 0.089063 0.156250
0 0.439844 0.798295 0.085938 0.147727
0 0.166406 0.421875 0.089063 0.167614
0 0.765625 0.373580 0.100000 0.161932