0 0.440625 0.649148 0.090625 0.167614
0 0.827344 0.664773 0.114063 0.153409
0 0.440625 0.649148 0.090625 0.167614
0 0.826563 0.744318 0.112500 0.147727
0 0.350781 0.306818 0.098437 0.181818
0 0.267188 0.948864 0.090625 0.102272
0 0.605469 0.365057 0.085938 0.156250
0 0.057031 0.781250 0.098437 0.136364
0 0.575781 0.799716 0.095312 0.139205
0 0.378125 0.816761 0.090625 0.150568
0 0.773438 0.464489 0.106250 0.184659
0 0.179688 0.783636 0.087500 0.160000
0 0.492969 0.803977 0.085938 0.153409
0 0.860156 0.298295 0.117188 0.181818
0 0.220313 0.546875 0.093750 0.178977
0 0.568750 0.660511 0.103125 0.178977