0 0.766406 0.343750 0.110937 0.170455
0 0.582031 0.933239 0.085938 0.133522
0 0.435937 0.312500 0.090625 0.170455
0 0.683594 0.634943 0.101562 0.167614
0 0.828906 0.267045 0.110937 0.176136
0 0.348437 0.809659 0.084375 0.147727
0 0.501562 0.580966 0.096875 0.178977
0 0.384375 0.920455 0.090625 0.147727
0 0.944531 0.589489 0.110937 0.178977
0 0.275781 0.482955 0.085938 0.181818
0 0.236719 0.678977 0.079687 0.159091
0 0.313281 0.722879 0.079687 0.145151
0 0.646094 0.484375 0.095312 0.173295
0 0.628906 0.771307 0.092188 0.173295