0 0.478906 0.411932 0.089063 0.170455
0 0.923437 0.480114 0.093750 0.153409
0 0.856250 0.566761 0.093750 0.133523
0 0.296094 0.059659 0.095312 0.119318
0 0.734375 0.764205 0.087500 0.159091
0 0.510156 0.836648 0.089063 0.167614
0 0.480469 0.409091 0.089063 0.170455
0 0.857031 0.670455 0.114063 0.142045
0 0.053125 0.075284 0.090625 0.150568
0 0.879687 0.360795 0.100000 0.164773
0 0.275781 0.461648 0.095312 0.161932
0 0.123438 0.707386 0.087500 0.170455
0 0.271875 0.578125 0.093750 0.161932
0 0.552344 0.600852 0.101562 0.178977
0 0.278906 0.896307 0.085938 0.156250