0 0.808594 0.292614 0.107813 0.164773
0 0.518750 0.326705 0.075000 0.130682
0 0.350000 0.312500 0.100000 0.181818
0 0.381250 0.754261 0.081250 0.156250
0 0.075000 0.701705 0.090625 0.142045
0 0.705469 0.365057 0.101562 0.184659
0 0.797656 0.603693 0.101562 0.161932
0 0.854688 0.528409 0.118750 0.181818
0 0.243750 0.659091 0.087500 0.159091
0 0.643750 0.734375 0.100000 0.161932
0 0.577344 0.845170 0.085938 0.161932
0 0.577344 0.467330 0.089063 0.184659
0 0.488281 0.605114 0.092188 0.181818
0 0.845312 0.803977 0.106250 0.170455