0 0.625000 0.375000 0.096875 0.170455
0 0.227344 0.213068 0.092188 0.187500
0 0.652344 0.806818 0.098437 0.164773
0 0.840625 0.818182 0.084375 0.153409
0 0.625000 0.375000 0.096875 0.170455
0 0.228125 0.213068 0.093750 0.187500
0 0.478906 0.504261 0.098437 0.173295
0 0.446875 0.579545 0.096875 0.153409
0 0.414062 0.818182 0.090625 0.170455
0 0.663281 0.634943 0.104687 0.156250
0 0.050000 0.279830 0.096875 0.178977
0 0.654688 0.806818 0.100000 0.164773
0 0.264062 0.714489 0.084375 0.184659
0 0.869531 0.468750 0.095312 0.170455
0 0.413281 0.271307 0.085938 0.167614