0 0.653906 0.821023 0.085938 0.142045
0 0.234375 0.073864 0.087500 0.147727
0 0.590625 0.742898 0.103125 0.173295
0 0.842188 0.495739 0.109375 0.150568
0 0.367188 0.781250 0.093750 0.147727
0 0.590625 0.742898 0.103125 0.173295
0 0.234375 0.075284 0.087500 0.150568
0 0.792969 0.649148 0.104687 0.190341
0 0.570312 0.529830 0.096875 0.150568
0 0.550781 0.400568 0.082812 0.153409
0 0.464844 0.657670 0.095312 0.161932
0 0.096094 0.403409 0.092188 0.153409
0 0.616406 0.345170 0.092188 0.144886
0 0.333594 0.095171 0.101562 0.161932
0 0.875781 0.413352 0.107813 0.173295
0 0.057031 0.889205 0.076563 0.142045
0 0.163281 0.913352 0.076563 0.127841
0 0.285156 0.390625 0.085938 0.156250
0 0.123438 0.637784 0.087500 0.144886
0 0.338281 0.529830 0.089063 0.150568
0 0.204146 0.650568 0.077041 0.147727