0 0.594531 0.318182 0.107813 0.170455
0 0.416406 0.791193 0.082812 0.173295
0 0.770312 0.264205 0.106250 0.159091
0 0.203906 0.713068 0.089063 0.170455
0 0.484979 0.791717 0.111292 0.184242
0 0.504687 0.424716 0.093750 0.184659
0 0.770823 0.427557 0.101020 0.167614
0 0.774219 0.842330 0.098437 0.156250
0 0.114063 0.146307 0.081250 0.139205
0 0.039844 0.572443 0.073438 0.139205
0 0.240625 0.157670 0.084375 0.156250
0 0.404687 0.215909 0.081250 0.164773
0 0.312500 0.548295 0.096875 0.193182
0 0.176563 0.264205 0.084375 0.153409
0 0.684375 0.772727 0.096875 0.164773
0 0.716406 0.551136 0.110937 0.164773
0 0.203906 0.713068 0.089063 0.170455