0 0.245312 0.438920 0.090625 0.178977
0 0.864844 0.548295 0.114063 0.176136
0 0.039844 0.536932 0.079687 0.170455
0 0.543750 0.848011 0.106250 0.178977
0 0.040625 0.535511 0.081250 0.173295
0 0.785156 0.815341 0.098437 0.164773
0 0.641406 0.328125 0.104687 0.173295
0 0.666406 0.430398 0.104687 0.150568
0 0.571094 0.657670 0.110937 0.150568
0 0.404254 0.286932 0.080382 0.176136
0 0.245312 0.440341 0.090625 0.181818
0 0.292969 0.619318 0.098437 0.181818
0 0.855469 0.694602 0.114063 0.178977
0 0.543750 0.467330 0.100000 0.184659
0 0.385156 0.768466 0.092188 0.167614