0 0.867188 0.809659 0.109375 0.181818
0 0.956250 0.109375 0.087500 0.167614
0 0.055469 0.762784 0.095312 0.133523
0 0.355469 0.305398 0.098437 0.184659
0 0.037500 0.482955 0.075000 0.176136
0 0.414844 0.795455 0.085938 0.159091
0 0.857813 0.649148 0.112500 0.167614
0 0.308594 0.930398 0.092188 0.139204
0 0.603125 0.823864 0.093750 0.159091
0 0.635938 0.365057 0.087500 0.150568
0 0.224219 0.772727 0.095312 0.170455
0 0.792188 0.454545 0.109375 0.193182
0 0.257031 0.546875 0.089063 0.178977
0 0.470313 0.636364 0.096875 0.170455
0 0.519531 0.862216 0.092188 0.184659
0 0.889063 0.275568 0.128125 0.181818
0 0.581250 0.644886 0.103125 0.176136