0 0.989844 0.916193 0.020312 0.150568
0 0.517969 0.348011 0.092188 0.133523
0 0.676562 0.473011 0.093750 0.156250
0 0.553125 0.852273 0.090625 0.153409
0 0.676562 0.473011 0.093750 0.156250
0 0.815625 0.779830 0.100000 0.161932
0 0.453906 0.315341 0.082812 0.164773
0 0.519531 0.742898 0.092188 0.150568
0 0.741406 0.370739 0.101562 0.178977
0 0.167969 0.106534 0.101562 0.178977
0 0.046094 0.718750 0.085938 0.142045
0 0.137500 0.680398 0.090625 0.150568
0 0.692969 0.619318 0.104687 0.176136
0 0.194531 0.339489 0.098437 0.173295
0 0.423438 0.666193 0.103125 0.161932
0 0.046094 0.396307 0.089063 0.156250
0 0.262500 0.549716 0.084375 0.150568
0 0.467187 0.512784 0.090625 0.167614
0 0.280469 0.764205 0.089063 0.153409