0 0.064062 0.744318 0.090625 0.142045
0 0.065625 0.744318 0.090625 0.142045
0 0.327344 0.349432 0.098437 0.176136
0 0.042188 0.289773 0.084375 0.181818
0 0.946094 0.671875 0.104687 0.178977
0 0.867188 0.438920 0.112500 0.184659
0 0.773438 0.802557 0.093750 0.173295
0 0.775000 0.313920 0.093750 0.167614
0 0.250781 0.848011 0.085938 0.150568
0 0.400000 0.656250 0.093750 0.176136
0 0.166406 0.410511 0.101562 0.190341
0 0.475781 0.826705 0.098437 0.164773
0 0.586719 0.480114 0.095312 0.187500
0 0.725781 0.585227 0.104687 0.193182
0 0.642187 0.704545 0.096875 0.181818