0 0.829687 0.317465 0.090625 0.157657
0 0.878125 0.642045 0.106250 0.193182
0 0.877344 0.643466 0.104687 0.190341
0 0.535937 0.796875 0.087500 0.150568
0 0.285156 0.336648 0.101562 0.139205
0 0.115625 0.973011 0.087500 0.053977
0 0.017188 0.497159 0.034375 0.176136
0 0.444531 0.862216 0.092188 0.156250
0 0.257812 0.393466 0.093750 0.161932
0 0.193386 0.838068 0.088229 0.159091
0 0.118750 0.799716 0.081250 0.139205
0 0.579687 0.642045 0.103125 0.181818
0 0.457031 0.404830 0.092188 0.133523
0 0.442969 0.609375 0.085938 0.139205
0 0.321875 0.727273 0.093750 0.159091
0 0.664062 0.386364 0.075000 0.153409
0 0.372345 0.458890 0.099059 0.156085
0 0.352344 0.134943 0.089063 0.156250
0 0.157388 0.569602 0.091475 0.167614