0 0.500781 0.826705 0.098437 0.164773
0 0.795313 0.276989 0.106250 0.156250
0 0.898438 0.755682 0.112500 0.164773
0 0.889063 0.633523 0.115625 0.153409
0 0.280469 0.538352 0.104687 0.173295
0 0.488281 0.349432 0.092188 0.176136
0 0.071094 0.936080 0.092188 0.127840
0 0.046875 0.463068 0.093750 0.170455
0 0.594531 0.579545 0.101562 0.176136
0 0.657812 0.524148 0.106250 0.150568
0 0.072656 0.710227 0.092188 0.136364
0 0.044531 0.850852 0.082812 0.139205
0 0.907812 0.318182 0.118750 0.181818
0 0.671875 0.322443 0.096875 0.178977
0 0.810938 0.444602 0.118750 0.184659
0 0.075000 0.580966 0.100000 0.167614
0 0.629687 0.781250 0.103125 0.176136
0 0.237500 0.261364 0.087500 0.181818
0 0.457031 0.681818 0.092188 0.153409