0 0.387500 0.748580 0.096875 0.144886
0 0.307031 0.480114 0.079687 0.176136
0 0.858594 0.262784 0.114063 0.173295
0 0.307031 0.480114 0.079687 0.176136
0 0.957812 0.585227 0.084375 0.187500
0 0.034375 0.875000 0.068750 0.153409
0 0.489062 0.340909 0.087500 0.159091
0 0.365625 0.718750 0.087500 0.164773
0 0.686719 0.771307 0.098437 0.173295
0 0.711719 0.622159 0.104687 0.164773
0 0.417188 0.845170 0.093750 0.161932
0 0.697656 0.495739 0.104687 0.167614
0 0.518750 0.588068 0.093750 0.187500
0 0.266406 0.663352 0.082812 0.161932