0 0.864062 0.892045 0.096875 0.142045
0 0.722656 0.303977 0.095312 0.164773
0 0.559375 0.553977 0.084375 0.153409
0 0.735937 0.553977 0.100000 0.164773
0 0.539062 0.333807 0.090625 0.167614
0 0.798437 0.744318 0.103125 0.187500
0 0.361719 0.924716 0.073438 0.127841
0 0.060937 0.664773 0.096875 0.170455
0 0.409375 0.740057 0.084375 0.161932
0 0.657812 0.461648 0.103125 0.150568
0 0.521875 0.795455 0.090625 0.164773
0 0.143750 0.502841 0.100000 0.187500
0 0.176563 0.332386 0.093750 0.170455
0 0.384375 0.330966 0.093750 0.173295