0 0.951563 0.634943 0.096874 0.196023
0 0.515625 0.343750 0.093750 0.170455
0 0.279687 0.289773 0.093750 0.198864
0 0.823438 0.267045 0.103125 0.159091
0 0.307813 0.538352 0.103125 0.178977
0 0.717969 0.502841 0.098437 0.136364
0 0.938281 0.294034 0.117188 0.196023
0 0.066406 0.836648 0.092188 0.139205
0 0.072656 0.431818 0.098437 0.181818
0 0.514844 0.345170 0.092188 0.167614
0 0.656250 0.786932 0.103125 0.170455
0 0.682813 0.312500 0.096875 0.170455
0 0.103125 0.927557 0.096875 0.144886
0 0.839844 0.433239 0.120312 0.173295
0 0.641406 0.585227 0.104687 0.170455
0 0.092969 0.546875 0.110937 0.184659
0 0.491406 0.683239 0.095312 0.173295
0 0.076563 0.698864 0.100000 0.159091