0 0.957812 0.745739 0.084375 0.184659
0 0.891406 0.886364 0.095312 0.153409
0 0.899219 0.338068 0.107813 0.170455
0 0.332031 0.744318 0.079687 0.119318
0 0.823438 0.545455 0.103125 0.181818
0 0.537500 0.413352 0.093750 0.110795
0 0.594531 0.660511 0.098437 0.150568
0 0.417188 0.607955 0.090625 0.147727
0 0.530469 0.508523 0.092188 0.125000
0 0.214844 0.764205 0.079687 0.136364
0 0.358594 0.531250 0.089063 0.147727
0 0.260156 0.458807 0.092188 0.161932
0 0.721875 0.718750 0.103125 0.170455
0 0.547656 0.775568 0.092188 0.153409
0 0.382812 0.163352 0.081250 0.161932