0 0.918750 0.680398 0.115625 0.184659
0 0.858594 0.677557 0.101562 0.161932
0 0.681250 0.438920 0.100000 0.161932
0 0.419531 0.686080 0.101562 0.133523
0 0.679688 0.441761 0.100000 0.167614
0 0.805469 0.809659 0.098437 0.164773
0 0.231250 0.637784 0.106250 0.161932
0 0.769531 0.378882 0.107813 0.145643
0 0.755469 0.596591 0.092188 0.130682
0 0.068750 0.825284 0.096875 0.156250
0 0.644531 0.276989 0.110937 0.178977
0 0.083594 0.255682 0.114063 0.198864
0 0.356250 0.849432 0.093750 0.170455
0 0.564844 0.481534 0.098437 0.150568
0 0.506250 0.748580 0.100000 0.173295
0 0.435937 0.599432 0.103125 0.142045
0 0.642969 0.671875 0.104687 0.173295
0 0.264844 0.269886 0.107813 0.176136
0 0.235156 0.451705 0.117188 0.176136
0 0.391406 0.242898 0.101562 0.196023