0 0.951563 0.791193 0.096874 0.156250
0 0.059375 0.735795 0.109375 0.159091
0 0.702344 0.823864 0.089063 0.170455
0 0.321875 0.296875 0.106250 0.178977
0 0.168750 0.890625 0.093750 0.150568
0 0.412500 0.869318 0.093750 0.159091
0 0.721875 0.349432 0.090625 0.159091
0 0.372656 0.563920 0.092188 0.167614
0 0.544531 0.754261 0.095312 0.167614
0 0.321875 0.700284 0.096875 0.178977
0 0.099219 0.444602 0.110937 0.190341
0 0.646875 0.619318 0.100000 0.193182
0 0.832812 0.471591 0.112500 0.193182
0 0.907031 0.663352 0.107813 0.178977
0 0.529688 0.512784 0.106250 0.167614