0 0.272656 0.835227 0.089063 0.164773
0 0.344531 0.301136 0.114063 0.193182
0 0.345313 0.301136 0.115625 0.193182
0 0.491406 0.325284 0.073438 0.139205
0 0.759375 0.676136 0.115625 0.130682
0 0.272656 0.833807 0.085938 0.167614
0 0.465625 0.839489 0.081250 0.139205
0 0.750781 0.586648 0.104687 0.150568
0 0.168750 0.615057 0.103125 0.184659
0 0.542969 0.761364 0.089063 0.176136
0 0.723437 0.284091 0.109375 0.170455
0 0.703906 0.387784 0.110937 0.144886
0 0.734375 0.823864 0.106250 0.181818
0 0.572656 0.443182 0.092188 0.187500
0 0.414062 0.629261 0.100000 0.196023