0 0.711719 0.737216 0.089063 0.156250
0 0.281250 0.045455 0.090625 0.090909
0 0.237500 0.569602 0.081250 0.156250
0 0.852344 0.365057 0.101562 0.161932
0 0.885156 0.511364 0.104687 0.147727
0 0.678906 0.470170 0.095312 0.139205
0 0.813281 0.589489 0.101562 0.144886
0 0.845312 0.710227 0.115625 0.164773
0 0.104687 0.720170 0.081250 0.156250
0 0.498437 0.802557 0.084375 0.167614
0 0.260938 0.927557 0.081250 0.144886
0 0.454688 0.393466 0.087500 0.173295
0 0.530469 0.626420 0.089063 0.161932
0 0.239063 0.438920 0.090625 0.156250