0 0.079687 0.211648 0.100000 0.201705
0 0.709375 0.802557 0.106250 0.173295
0 0.091406 0.582386 0.095312 0.153409
0 0.667969 0.450284 0.110937 0.127841
0 0.647656 0.593750 0.107813 0.130682
0 0.542969 0.500000 0.101562 0.170455
0 0.543750 0.501420 0.100000 0.167614
0 0.605469 0.826705 0.089063 0.142045
0 0.528125 0.346591 0.103125 0.153409
0 0.103906 0.494318 0.101562 0.181818
0 0.104687 0.495739 0.103125 0.178977
0 0.846094 0.427557 0.095312 0.173295
0 0.772656 0.627841 0.110937 0.198864
0 0.240625 0.120739 0.109375 0.184659
0 0.417969 0.477273 0.082812 0.147727
0 0.518750 0.673295 0.106250 0.147727
0 0.080469 0.213068 0.104687 0.204545
0 0.232812 0.877841 0.087500 0.159091
0 0.383594 0.745739 0.098437 0.173295
0 0.307031 0.571023 0.104687 0.147727