0 0.850781 0.836648 0.107813 0.167614
0 0.658594 0.569602 0.089063 0.139205
0 0.141406 0.411932 0.092188 0.170455
0 0.762500 0.492898 0.093750 0.144886
0 0.762500 0.494318 0.093750 0.147727
0 0.658594 0.569602 0.089063 0.139205
0 0.832812 0.289773 0.103125 0.176136
0 0.142188 0.410511 0.090625 0.167614
0 0.945312 0.727387 0.106250 0.192955
0 0.042969 0.826705 0.085938 0.153409
0 0.421094 0.634943 0.085938 0.156250
0 0.554688 0.500000 0.084375 0.147727
0 0.141406 0.568182 0.085938 0.170455
0 0.425781 0.818182 0.082812 0.153409
0 0.715625 0.382102 0.100000 0.150568
0 0.367969 0.294034 0.082812 0.161932