0 0.752344 0.284091 0.104687 0.159091
0 0.351562 0.309659 0.103125 0.187500
0 0.035937 0.728693 0.071874 0.144886
0 0.580469 0.764205 0.092188 0.164773
0 0.509375 0.330966 0.078125 0.139205
0 0.701563 0.357955 0.109375 0.176136
0 0.203125 0.646307 0.093750 0.173295
0 0.776563 0.643466 0.115625 0.133523
0 0.508594 0.840909 0.089063 0.159091
0 0.786719 0.542614 0.114063 0.159091
0 0.310937 0.801136 0.084375 0.164773
0 0.575000 0.434659 0.090625 0.193182
0 0.783594 0.818182 0.107813 0.181818
0 0.428125 0.634943 0.096875 0.184659