0 0.560938 0.426136 0.090625 0.159091
0 0.950781 0.917614 0.095312 0.159091
0 0.438281 0.789773 0.101562 0.204545
0 0.075000 0.674716 0.093750 0.156250
0 0.442187 0.315341 0.084375 0.130682
0 0.196875 0.843750 0.087500 0.147727
0 0.852344 0.531250 0.114063 0.181818
0 0.100000 0.154830 0.096875 0.156250
0 0.641406 0.367898 0.098437 0.150568
0 0.334375 0.221591 0.078125 0.159091
0 0.607813 0.593750 0.103125 0.187500
0 0.100000 0.281250 0.090625 0.164773
0 0.190625 0.526989 0.087500 0.167614
0 0.389062 0.481534 0.090625 0.167614
0 0.362500 0.636364 0.096875 0.159091
0 0.717333 0.758586 0.097778 0.151919