0 0.385938 0.750000 0.103125 0.147727
0 0.915625 0.566761 0.109375 0.173295
0 0.233594 0.262784 0.085938 0.178977
0 0.599219 0.829545 0.092188 0.164773
0 0.368750 0.642045 0.112500 0.159091
0 0.202344 0.900568 0.089063 0.153409
0 0.861719 0.284091 0.123438 0.187500
0 0.635938 0.606534 0.096875 0.144886
0 0.099219 0.490057 0.095312 0.184659
0 0.482031 0.311080 0.089063 0.161932
0 0.312500 0.919034 0.093750 0.156250
0 0.708594 0.704545 0.101562 0.170455
0 0.633594 0.487216 0.098437 0.156250
0 0.378906 0.417614 0.095312 0.193182
0 0.116406 0.651989 0.098437 0.184659
0 0.878222 0.415960 0.101333 0.181010