0 0.496094 0.370739 0.085938 0.150568
0 0.584375 0.312500 0.090625 0.153409
0 0.389062 0.911932 0.090625 0.159091
0 0.584375 0.311080 0.090625 0.150568
0 0.496094 0.375000 0.082812 0.147727
0 0.700000 0.413352 0.100000 0.133523
0 0.421094 0.481534 0.085938 0.144886
0 0.820312 0.682815 0.103125 0.168459
0 0.050781 0.427557 0.095312 0.173295
0 0.310156 0.096591 0.104687 0.164773
0 0.678125 0.785511 0.090625 0.156250
0 0.304688 0.657670 0.081250 0.150568
0 0.942187 0.562500 0.103125 0.181818
0 0.680469 0.612216 0.104687 0.144886
0 0.642969 0.492898 0.095312 0.133523
0 0.060937 0.602273 0.090625 0.164773