0 0.577344 0.509943 0.095312 0.167614
0 0.577344 0.512784 0.095312 0.167614
0 0.690625 0.613636 0.103125 0.147727
0 0.029687 0.659091 0.059374 0.170455
0 0.858594 0.849432 0.089063 0.159091
0 0.728906 0.768466 0.098437 0.190341
0 0.510156 0.565341 0.092188 0.170455
0 0.474219 0.345170 0.089063 0.161932
0 0.110156 0.288352 0.098437 0.173295
0 0.331250 0.715909 0.078125 0.164773
0 0.078125 0.458807 0.096875 0.190341
0 0.651563 0.309659 0.093750 0.164773
0 0.471094 0.805398 0.089063 0.161932
0 0.300781 0.296875 0.092188 0.167614