0 0.368750 0.460227 0.096875 0.176136
0 0.862500 0.265625 0.103125 0.173295
0 0.775781 0.727273 0.089063 0.170455
0 0.185156 0.438920 0.089063 0.161932
0 0.844531 0.563920 0.098437 0.178977
0 0.578906 0.822443 0.089063 0.127841
0 0.905469 0.921875 0.095312 0.156250
0 0.533594 0.329545 0.082812 0.142045
0 0.189844 0.532670 0.089063 0.173295
0 0.277344 0.198864 0.082812 0.187500
0 0.678906 0.427557 0.089063 0.156250
0 0.689844 0.657670 0.089063 0.184659
0 0.540625 0.502841 0.093750 0.142045
0 0.452344 0.599432 0.104687 0.187500
0 0.316406 0.870739 0.092188 0.161932