0 0.957812 0.110795 0.084375 0.181818
0 0.042188 0.946023 0.084375 0.107954
0 0.860937 0.778409 0.109375 0.170455
0 0.794531 0.274148 0.092188 0.144886
0 0.200000 0.227273 0.096875 0.198864
0 0.463281 0.369318 0.098437 0.193182
0 0.900781 0.333807 0.117188 0.196023
0 0.828906 0.661932 0.114063 0.147727
0 0.798437 0.471591 0.115625 0.170455
0 0.444531 0.835227 0.098437 0.159091
0 0.071875 0.725852 0.093750 0.133523
0 0.676562 0.355114 0.100000 0.181818
0 0.067187 0.593750 0.100000 0.164773
0 0.559375 0.583807 0.106250 0.173295
0 0.419531 0.703125 0.092188 0.156250
0 0.604688 0.781250 0.103125 0.181818
0 0.259684 0.519646 0.096257 0.187979