0 0.656250 0.390625 0.090625 0.133523
0 0.254687 0.021307 0.078125 0.042614
0 0.733594 0.857955 0.104687 0.176136
0 0.316406 0.849432 0.095312 0.136364
0 0.364844 0.069602 0.073438 0.139204
0 0.548437 0.795455 0.090625 0.153409
0 0.657812 0.301136 0.087500 0.147727
0 0.457031 0.288352 0.095312 0.161932
0 0.122031 0.340000 0.084063 0.129293
0 0.628125 0.495739 0.106250 0.173295
0 0.560156 0.644886 0.101562 0.187500
0 0.307813 0.748580 0.100000 0.184659
0 0.189844 0.548295 0.092188 0.193182
0 0.379687 0.362216 0.087500 0.178977
0 0.067187 0.771307 0.090625 0.161932