0 0.875000 0.717330 0.109375 0.173295
0 0.385938 0.903409 0.075000 0.147727
0 0.386719 0.903409 0.076563 0.147727
0 0.244531 0.610795 0.085938 0.142045
0 0.244531 0.612216 0.085938 0.144886
0 0.234375 0.944602 0.087500 0.110795
0 0.478125 0.588068 0.106250 0.187500
0 0.125000 0.931818 0.078125 0.130682
0 0.289062 0.205966 0.087500 0.150568
0 0.414844 0.677557 0.092188 0.167614
0 0.882812 0.468750 0.118750 0.181818
0 0.431250 0.328125 0.084375 0.150568
0 0.721875 0.284091 0.100000 0.164773
0 0.631250 0.409091 0.100000 0.198864
0 0.688281 0.639205 0.114063 0.198864
0 0.188281 0.448864 0.101562 0.170455