0 0.188281 0.377841 0.073438 0.136364
0 0.862500 0.694602 0.118750 0.173295
0 0.300000 0.289773 0.081250 0.153409
0 0.171875 0.691761 0.084375 0.161932
0 0.171875 0.690341 0.084375 0.159091
0 0.867188 0.592330 0.121875 0.173295
0 0.903906 0.518466 0.110937 0.173295
0 0.666406 0.373580 0.104687 0.184659
0 0.502344 0.757102 0.098437 0.173295
0 0.275781 0.870739 0.085938 0.161932
0 0.560156 0.464489 0.095312 0.184659
0 0.641406 0.664773 0.107813 0.170455
0 0.778125 0.288352 0.112500 0.184659
0 0.213281 0.517045 0.089063 0.176136
0 0.449219 0.559659 0.092188 0.181818
0 0.230469 0.771307 0.076563 0.161932