0 0.385938 0.259943 0.087500 0.201705
0 0.385938 0.259943 0.087500 0.201705
0 0.817969 0.848011 0.101562 0.150568
0 0.815625 0.416193 0.096875 0.150568
0 0.857031 0.799716 0.098437 0.139205
0 0.500781 0.812500 0.082812 0.147727
0 0.800781 0.553977 0.101562 0.164773
0 0.578125 0.500000 0.103125 0.176136
0 0.153125 0.278409 0.084375 0.176136
0 0.728125 0.321023 0.100000 0.164773
0 0.545313 0.586648 0.100000 0.161932
0 0.047656 0.671875 0.095312 0.190341
0 0.672656 0.715909 0.095312 0.187500
0 0.041406 0.471591 0.082812 0.187500
0 0.307031 0.792614 0.092188 0.147727
0 0.921094 0.651989 0.117188 0.178977
0 0.317187 0.448864 0.093750 0.198864
0 0.281250 0.661932 0.106250 0.164773