0 0.032031 0.721591 0.064062 0.147727
0 0.694531 0.725852 0.101562 0.184659
0 0.694531 0.725852 0.101562 0.184659
0 0.660937 0.325284 0.100000 0.178977
0 0.878906 0.328125 0.114063 0.218750
0 0.207813 0.588068 0.093750 0.159091
0 0.879687 0.326705 0.115625 0.215909
0 0.660937 0.325284 0.100000 0.178977
0 0.207813 0.588068 0.093750 0.159091
0 0.332031 0.048295 0.070313 0.096590
0 0.032031 0.723011 0.064062 0.144886
0 0.421094 0.127841 0.085938 0.170455
0 0.164844 0.292614 0.107813 0.187500
0 0.419531 0.734375 0.089063 0.161932
0 0.296094 0.191761 0.101562 0.173295
0 0.565625 0.453125 0.093750 0.156250