0 0.772656 0.482955 0.089063 0.176136
0 0.428125 0.254261 0.087500 0.144886
0 0.053125 0.941761 0.096875 0.116477
0 0.328125 0.046875 0.075000 0.093750
0 0.044531 0.862216 0.089062 0.173295
0 0.774219 0.482955 0.092188 0.176136
0 0.388281 0.890625 0.089063 0.150568
0 0.414062 0.298295 0.084375 0.147727
0 0.525000 0.642045 0.103125 0.164773
0 0.508594 0.758523 0.104687 0.153409
0 0.264844 0.487216 0.089063 0.196023
0 0.747656 0.767045 0.101562 0.198864
0 0.286719 0.180398 0.101562 0.178977
0 0.227344 0.903409 0.098437 0.170455
0 0.282031 0.666193 0.098437 0.178977