0 0.190625 0.683239 0.084375 0.178977
0 0.376563 0.490057 0.096875 0.167614
0 0.189844 0.684659 0.082812 0.176136
0 0.914844 0.653409 0.110937 0.153409
0 0.789844 0.792614 0.079687 0.153409
0 0.375781 0.490057 0.095312 0.167614
0 0.573438 0.816761 0.093750 0.173295
0 0.349219 0.872159 0.092188 0.170455
0 0.359375 0.593750 0.090625 0.147727
0 0.625781 0.623580 0.098437 0.161932
0 0.556250 0.416193 0.093750 0.173295
0 0.131250 0.169034 0.093750 0.184659
0 0.339844 0.183239 0.085938 0.173295
0 0.789062 0.480114 0.087500 0.164773