0 0.635156 0.659091 0.089063 0.142045
0 0.618750 0.563920 0.090625 0.122159
0 0.900000 0.724432 0.103125 0.176136
0 0.840625 0.411932 0.103125 0.136364
0 0.511719 0.515354 0.085938 0.143838
0 0.110937 0.401989 0.090625 0.161932
0 0.343750 0.218750 0.084375 0.159091
0 0.030469 0.839489 0.060937 0.156250
0 0.742969 0.626420 0.104687 0.144886
0 0.802344 0.821023 0.101562 0.159091
0 0.648438 0.380682 0.090625 0.147727
0 0.727344 0.492898 0.095312 0.133523
0 0.110937 0.563920 0.084375 0.167614
0 0.413281 0.848011 0.082812 0.150568
0 0.380469 0.654830 0.079687 0.156250