0 0.028906 0.860795 0.057812 0.176136
0 0.328125 0.041193 0.078125 0.082386
0 0.028906 0.860795 0.057812 0.176136
0 0.038281 0.944602 0.076562 0.105114
0 0.422656 0.183239 0.073438 0.133523
0 0.744531 0.488251 0.092188 0.176907
0 0.411719 0.292614 0.073438 0.142045
0 0.233594 0.451705 0.089063 0.193182
0 0.350000 0.934659 0.087500 0.130682
0 0.200000 0.927557 0.096875 0.144886
0 0.706250 0.754261 0.087500 0.173295
0 0.472656 0.740057 0.098437 0.150568
0 0.231250 0.643466 0.087500 0.173295
0 0.282813 0.166193 0.093750 0.184659
0 0.487500 0.622159 0.090625 0.153409