0 0.950781 0.119318 0.098437 0.198864
0 0.381250 0.383523 0.093750 0.187500
0 0.537500 0.563920 0.093750 0.150568
0 0.113281 0.258523 0.098437 0.193182
0 0.113281 0.257102 0.098437 0.196023
0 0.381250 0.383523 0.093750 0.187500
0 0.065625 0.744318 0.096875 0.136364
0 0.792969 0.272727 0.098437 0.153409
0 0.895312 0.359375 0.112500 0.196023
0 0.364062 0.890625 0.093750 0.144886
0 0.043750 0.596591 0.087500 0.164773
0 0.728125 0.684659 0.100000 0.187500
0 0.334375 0.794034 0.084375 0.139205
0 0.778906 0.526989 0.110937 0.173295
0 0.662500 0.427557 0.093750 0.161932
0 0.471094 0.636364 0.095312 0.181818
0 0.831250 0.798295 0.109375 0.187500
0 0.542969 0.789773 0.101562 0.176136
0 0.221094 0.430398 0.101562 0.178977