0 0.086719 0.671875 0.095312 0.156250
0 0.350781 0.316761 0.098437 0.184659
0 0.518750 0.326705 0.071875 0.130682
0 0.887500 0.526989 0.118750 0.190341
0 0.878125 0.785511 0.103125 0.167614
0 0.258594 0.654830 0.085938 0.161932
0 0.671094 0.735795 0.095312 0.153409
0 0.714806 0.352929 0.104611 0.200404
0 0.831250 0.272727 0.106250 0.181818
0 0.418750 0.707386 0.087500 0.159091
0 0.803906 0.605114 0.101562 0.164773
0 0.585156 0.482955 0.085938 0.181818
0 0.517969 0.600852 0.095312 0.184659
0 0.599111 0.863636 0.097778 0.161616