0 0.957812 0.640625 0.084375 0.196023
0 0.989062 0.762784 0.021875 0.167614
0 0.267188 0.255682 0.090625 0.176136
0 0.676562 0.626420 0.103125 0.150568
0 0.450000 0.311080 0.090625 0.156250
0 0.302344 0.725852 0.082812 0.167614
0 0.474219 0.578125 0.089063 0.156250
0 0.450781 0.311080 0.092188 0.156250
0 0.853906 0.833807 0.092188 0.150568
0 0.524219 0.515625 0.098437 0.173295
0 0.685156 0.794034 0.092188 0.173295
0 0.078906 0.272727 0.107813 0.193182
0 0.267188 0.255682 0.090625 0.176136
0 0.047656 0.473011 0.095312 0.190341
0 0.639063 0.340909 0.093750 0.164773
0 0.446875 0.803977 0.087500 0.153409
0 0.900000 0.464444 0.116444 0.184242