0 0.789844 0.684659 0.107813 0.181818
0 0.372656 0.936080 0.089063 0.127840
0 0.647656 0.615057 0.104687 0.150568
0 0.602344 0.502841 0.095312 0.142045
0 0.279687 0.686080 0.084375 0.150568
0 0.906247 0.569602 0.109382 0.201705
0 0.450000 0.338068 0.090625 0.164773
0 0.650781 0.399148 0.095312 0.127841
0 0.298438 0.065341 0.096875 0.130682
0 0.539062 0.326705 0.090625 0.142045
0 0.509375 0.607955 0.103125 0.142045
0 0.642187 0.772727 0.093750 0.164773
0 0.369531 0.465909 0.085938 0.159091
0 0.039063 0.437500 0.078125 0.176136
0 0.046875 0.622159 0.087500 0.164773