0 0.869531 0.798295 0.098437 0.153409
0 0.107813 0.934659 0.093750 0.130682
0 0.107813 0.934659 0.093750 0.130682
0 0.036719 0.373580 0.073438 0.184659
0 0.317187 0.943182 0.081250 0.113636
0 0.127344 0.769886 0.089063 0.164773
0 0.036719 0.372159 0.073438 0.181818
0 0.512500 0.669034 0.090625 0.156250
0 0.621875 0.708807 0.090625 0.156250
0 0.951563 0.252841 0.096874 0.210227
0 0.613281 0.339489 0.089063 0.161932
0 0.830469 0.517045 0.110937 0.176136
0 0.840625 0.659091 0.100000 0.159091
0 0.375781 0.586648 0.082812 0.161932
0 0.423438 0.420455 0.084375 0.181818