0 0.488281 0.853693 0.095312 0.167614
0 0.019531 0.264205 0.039062 0.176136
0 0.487500 0.852273 0.096875 0.170455
0 0.263281 0.035511 0.092188 0.071022
0 0.876562 0.707386 0.125000 0.181818
0 0.117188 0.541193 0.081250 0.150568
0 0.454688 0.715909 0.103125 0.142045
0 0.266406 0.913352 0.079687 0.150568
0 0.173438 0.654830 0.087500 0.161932
0 0.552344 0.380682 0.085938 0.153409
0 0.238281 0.616364 0.104687 0.198788
0 0.574219 0.553977 0.110937 0.170455
0 0.050781 0.835227 0.095312 0.159091
0 0.710938 0.742898 0.087500 0.161932
0 0.151562 0.251420 0.112500 0.184659
0 0.421875 0.271307 0.078125 0.161932