0 0.909375 0.941761 0.093750 0.116477
0 0.867188 0.264975 0.100000 0.143585
0 0.359375 0.328125 0.093750 0.190341
0 0.867188 0.262784 0.100000 0.139205
0 0.359375 0.328125 0.093750 0.196023
0 0.078125 0.924716 0.087500 0.144886
0 0.603125 0.474432 0.087500 0.142045
0 0.542188 0.855114 0.093750 0.147727
0 0.617188 0.353693 0.093750 0.150568
0 0.097656 0.424716 0.085938 0.184659
0 0.793750 0.811080 0.090625 0.156250
0 0.464063 0.792614 0.093750 0.170455
0 0.767187 0.372159 0.103125 0.147727
0 0.689844 0.659091 0.117188 0.181818
0 0.776563 0.514205 0.100000 0.147727
0 0.283594 0.740057 0.095312 0.156250
0 0.499219 0.572443 0.104687 0.178977
0 0.267188 0.576705 0.090625 0.170455