0 0.351562 0.407670 0.093750 0.201705
0 0.121094 0.531250 0.101562 0.187500
0 0.792969 0.426136 0.095312 0.159091
0 0.857813 0.585227 0.115625 0.153409
0 0.792969 0.426136 0.095312 0.159091
0 0.880469 0.671875 0.107813 0.156250
0 0.833594 0.798295 0.095312 0.159091
0 0.161719 0.338068 0.095312 0.193182
0 0.244531 0.946023 0.082812 0.107954
0 0.121094 0.534091 0.104687 0.187500
0 0.603906 0.786932 0.101562 0.187500
0 0.410156 0.727273 0.085938 0.170455
0 0.619531 0.420455 0.092188 0.164773
0 0.585938 0.534091 0.100000 0.159091