0 0.796094 0.579545 0.107813 0.159091
0 0.509375 0.751420 0.109375 0.161932
0 0.346094 0.282670 0.079687 0.167614
0 0.188281 0.436080 0.092188 0.184659
0 0.727344 0.830966 0.101562 0.173295
0 0.188281 0.436080 0.092188 0.184659
0 0.795313 0.578125 0.109375 0.161932
0 0.494531 0.634943 0.107813 0.156250
0 0.594531 0.339489 0.095312 0.184659
0 0.796090 0.700284 0.110931 0.161932
0 0.228906 0.657670 0.095312 0.184659
0 0.676562 0.424716 0.103125 0.173295
0 0.307031 0.795455 0.089063 0.159091
0 0.481250 0.473011 0.106250 0.184659