0 0.920313 0.713068 0.103125 0.181818
0 0.501562 0.765625 0.103125 0.167614
0 0.764063 0.535511 0.093750 0.173295
0 0.467969 0.423295 0.089063 0.125000
0 0.470313 0.526989 0.087500 0.127841
0 0.819531 0.362216 0.101562 0.161932
0 0.354688 0.582386 0.096875 0.159091
0 0.158594 0.791193 0.073438 0.139205
0 0.292969 0.532670 0.092188 0.161932
0 0.207031 0.471591 0.089063 0.164773
0 0.291406 0.801136 0.079687 0.130682
0 0.432813 0.240057 0.087500 0.156250
0 0.685156 0.727273 0.098437 0.176136
0 0.347656 0.102273 0.089063 0.164773