0 0.894531 0.906250 0.092188 0.147727
0 0.255469 0.811080 0.095312 0.173295
0 0.928906 0.217330 0.104687 0.173295
0 0.522656 0.845170 0.082812 0.133523
0 0.632812 0.670455 0.084375 0.164773
0 0.688281 0.750000 0.082812 0.164773
0 0.451562 0.461648 0.084375 0.144886
0 0.050000 0.426136 0.090625 0.159091
0 0.082812 0.544034 0.096875 0.173295
0 0.417969 0.279830 0.085938 0.150568
0 0.574219 0.421875 0.085938 0.161932
0 0.183594 0.134943 0.085938 0.184659
0 0.761719 0.549716 0.098437 0.173295
0 0.865625 0.475852 0.106250 0.178977
0 0.751562 0.306818 0.096875 0.170455
0 0.195312 0.325284 0.100000 0.178977
0 0.371094 0.558239 0.098437 0.184659