0 0.916406 0.417614 0.120312 0.181818
0 0.609375 0.940341 0.084375 0.119318
0 0.385156 0.363636 0.085938 0.187500
0 0.357031 0.896307 0.082812 0.150568
0 0.409375 0.926136 0.087500 0.136364
0 0.701563 0.285511 0.106250 0.184659
0 0.734375 0.578125 0.103125 0.161932
0 0.563281 0.680398 0.104687 0.184659
0 0.884375 0.255682 0.103125 0.170455
0 0.125781 0.805398 0.104687 0.161932
0 0.168750 0.897727 0.093750 0.164773
0 0.119531 0.713068 0.101562 0.170455
0 0.783594 0.498580 0.104687 0.150568
0 0.359375 0.568182 0.100000 0.170455
0 0.142188 0.376420 0.093750 0.161932
0 0.720312 0.778409 0.103125 0.176136
0 0.125000 0.531250 0.100000 0.176136
0 0.579687 0.353693 0.103125 0.184659