0 0.064062 0.741477 0.093750 0.147727
0 0.357812 0.670455 0.090625 0.181818
0 0.415625 0.549716 0.081250 0.150568
0 0.934375 0.667020 0.112500 0.165960
0 0.950781 0.157670 0.098437 0.190341
0 0.205469 0.872159 0.089063 0.153409
0 0.357031 0.670455 0.092188 0.181818
0 0.314844 0.328125 0.104687 0.161932
0 0.415625 0.551136 0.081250 0.153409
0 0.750781 0.326705 0.095312 0.159091
0 0.742969 0.811080 0.092188 0.167614
0 0.129688 0.427557 0.106250 0.184659
0 0.850000 0.470170 0.115625 0.184659
0 0.448438 0.849432 0.093750 0.159091
0 0.592188 0.734375 0.096875 0.178977
0 0.563281 0.470170 0.101562 0.173295
0 0.689062 0.599432 0.103125 0.193182