0 0.021094 0.693182 0.042188 0.159091
0 0.021094 0.691761 0.042188 0.161932
0 0.621875 0.352273 0.093750 0.153409
0 0.547656 0.711648 0.095312 0.133523
0 0.564062 0.786932 0.100000 0.147727
0 0.895312 0.424716 0.093750 0.167614
0 0.207813 0.292614 0.106250 0.181818
0 0.896094 0.424716 0.092188 0.161932
0 0.323438 0.609375 0.115625 0.184659
0 0.207813 0.295455 0.106250 0.181818
0 0.045312 0.294034 0.087500 0.173295
0 0.210938 0.575284 0.087500 0.150568
0 0.328125 0.855114 0.087500 0.147727
0 0.035937 0.194602 0.068750 0.156250
0 0.285937 0.156250 0.096875 0.176136
0 0.559375 0.931818 0.093750 0.136364
0 0.484375 0.365057 0.087500 0.144886
0 0.116406 0.765625 0.089063 0.150568
0 0.658594 0.585227 0.110937 0.187500