0 0.467969 0.598011 0.107813 0.139205
0 0.430469 0.542614 0.101562 0.142045
0 0.761719 0.705966 0.110937 0.184659
0 0.864062 0.558239 0.109375 0.184659
0 0.567187 0.517045 0.093750 0.136364
0 0.626562 0.623580 0.109375 0.144886
0 0.500000 0.311080 0.100000 0.139205
0 0.595312 0.401989 0.093750 0.133523
0 0.411719 0.259943 0.082812 0.150568
0 0.370313 0.720170 0.078125 0.127841
0 0.314844 0.447443 0.092188 0.156250
0 0.597656 0.774148 0.095312 0.156250
0 0.256250 0.737216 0.078125 0.139205
0 0.032813 0.627841 0.065625 0.164773