0 0.323438 0.877841 0.090625 0.142045
0 0.288281 0.173295 0.092188 0.164773
0 0.450781 0.687664 0.107813 0.158763
0 0.830469 0.269886 0.117188 0.181818
0 0.287500 0.173295 0.093750 0.164773
0 0.323438 0.877841 0.090625 0.142045
0 0.635938 0.609375 0.109375 0.167614
0 0.814062 0.495739 0.118750 0.161932
0 0.143750 0.683239 0.093750 0.167614
0 0.642969 0.363636 0.107813 0.187500
0 0.319531 0.357955 0.101562 0.153409
0 0.835156 0.686080 0.110937 0.144886
0 0.828906 0.903409 0.098437 0.142045
0 0.524219 0.815341 0.101562 0.164773
0 0.531250 0.373580 0.093750 0.178977
0 0.746094 0.781250 0.104687 0.170455
0 0.460156 0.460227 0.089063 0.176136
0 0.100781 0.173295 0.092188 0.164773
0 0.207031 0.455966 0.107813 0.190341