0 0.603125 0.720606 0.087500 0.122828
0 0.946094 0.412910 0.092188 0.157134
0 0.152344 0.740057 0.089063 0.167614
0 0.285156 0.957386 0.085938 0.085227
0 0.610156 0.805455 0.092188 0.140606
0 0.046875 0.954545 0.081250 0.090909
0 0.237500 0.311098 0.100000 0.179016
0 0.366406 0.622159 0.114063 0.181818
0 0.373437 0.832386 0.081250 0.136364
0 0.096094 0.315341 0.098437 0.164773
0 0.666406 0.357955 0.085938 0.153409
0 0.531250 0.387784 0.081250 0.144886
0 0.076563 0.201705 0.090625 0.147727
0 0.037500 0.673295 0.075000 0.153409
0 0.153125 0.740057 0.090625 0.167614
0 0.305469 0.227273 0.095312 0.147727
0 0.257812 0.606534 0.081250 0.144886
0 0.703906 0.595170 0.101562 0.178977