0 0.739062 0.615057 0.112500 0.139205
0 0.220313 0.693182 0.087500 0.153409
0 0.182031 0.883523 0.095312 0.159091
0 0.895312 0.937500 0.109375 0.125000
0 0.221094 0.693182 0.089063 0.153409
0 0.099219 0.377841 0.092188 0.181818
0 0.939844 0.205966 0.117188 0.201705
0 0.737500 0.615057 0.112500 0.139205
0 0.099219 0.376420 0.092188 0.184659
0 0.811719 0.718750 0.079687 0.153409
0 0.608594 0.720170 0.101562 0.150568
0 0.944531 0.580966 0.104687 0.173295
0 0.711719 0.377841 0.110937 0.142045
0 0.838281 0.309659 0.123438 0.187500
0 0.596094 0.494318 0.095312 0.170455
0 0.478125 0.508523 0.081250 0.159091
0 0.424219 0.778409 0.079687 0.142045
0 0.660937 0.838068 0.106250 0.164773
0 0.903125 0.825284 0.106250 0.167614
0 0.253125 0.278409 0.087500 0.176136
0 0.415625 0.292614 0.093750 0.164773
0 0.357812 0.485795 0.093750 0.181818