0 0.742969 0.338068 0.085938 0.159091
0 0.324219 0.025568 0.095312 0.051136
0 0.174219 0.261364 0.098437 0.136364
0 0.353906 0.619318 0.082812 0.130682
0 0.242969 0.721591 0.095312 0.170455
0 0.181250 0.348011 0.100000 0.161932
0 0.798437 0.633523 0.106250 0.187500
0 0.375000 0.901989 0.087500 0.139205
0 0.180469 0.348011 0.098437 0.161932
0 0.682813 0.821023 0.096875 0.153409
0 0.353906 0.620739 0.082812 0.133523
0 0.242969 0.721591 0.095312 0.170455
0 0.798437 0.633523 0.103125 0.181818
0 0.478125 0.663352 0.118750 0.167614
0 0.607031 0.400568 0.076563 0.153409
0 0.040625 0.818182 0.078125 0.153409
0 0.115625 0.879261 0.093750 0.161932
0 0.088076 0.606534 0.086347 0.156250
0 0.389844 0.373580 0.095312 0.139205
0 0.303906 0.407587 0.104687 0.195858