0 0.551562 0.840909 0.103125 0.147727
0 0.607813 0.416193 0.093750 0.116477
0 0.434375 0.393466 0.090625 0.144886
0 0.607813 0.416193 0.093750 0.116477
0 0.664844 0.647727 0.095312 0.142045
0 0.665625 0.798295 0.103125 0.181818
0 0.496094 0.332386 0.104687 0.153409
0 0.052344 0.204545 0.101562 0.198864
0 0.216406 0.079546 0.114063 0.159091
0 0.502344 0.464489 0.098437 0.156250
0 0.589063 0.603693 0.093750 0.133523
0 0.207031 0.927557 0.092188 0.144886
0 0.732813 0.654830 0.121875 0.196023
0 0.344531 0.775568 0.095312 0.153409
0 0.376563 0.457386 0.087500 0.142045
0 0.482031 0.703125 0.107813 0.144886
0 0.804688 0.396307 0.096875 0.167614
0 0.072656 0.467330 0.101562 0.178977
0 0.282031 0.548295 0.107813 0.153409
0 0.232031 0.673295 0.092188 0.153409