0 0.816406 0.848011 0.107813 0.150568
0 0.487500 0.568182 0.100000 0.176136
0 0.800000 0.731534 0.109375 0.150568
0 0.626562 0.544034 0.100000 0.184659
0 0.261719 0.421875 0.092188 0.190341
0 0.864062 0.632102 0.112500 0.156250
0 0.570312 0.769886 0.093750 0.164773
0 0.092188 0.531250 0.084375 0.164773
0 0.416406 0.394886 0.085938 0.153409
0 0.530469 0.343750 0.095312 0.153409
0 0.739844 0.495739 0.104687 0.167614
0 0.348437 0.103693 0.081250 0.156250
0 0.297656 0.789773 0.098437 0.164773
0 0.293750 0.650568 0.090625 0.153409