0 0.172656 0.481534 0.092188 0.178977
0 0.932813 0.946023 0.090625 0.107954
0 0.871094 0.809659 0.095312 0.147727
0 0.966406 0.154830 0.067187 0.161932
0 0.604688 0.606534 0.093750 0.161932
0 0.175000 0.934659 0.090625 0.130682
0 0.853125 0.386364 0.103125 0.153409
0 0.857813 0.504261 0.103125 0.144886
0 0.761719 0.333807 0.098437 0.150568
0 0.709375 0.450284 0.087500 0.156250
0 0.364844 0.928977 0.067187 0.136364
0 0.195312 0.119318 0.093750 0.187500
0 0.173438 0.482955 0.093750 0.176136
0 0.148438 0.832386 0.096875 0.147727
0 0.546094 0.720170 0.092188 0.173295
0 0.653125 0.833807 0.100000 0.161932
0 0.488281 0.336648 0.089063 0.173295
0 0.401563 0.447443 0.093750 0.167614
0 0.792188 0.649148 0.112500 0.173295
0 0.357031 0.617898 0.101562 0.190341