0 0.119531 0.575284 0.098437 0.184659
0 0.466406 0.811080 0.110937 0.167614
0 0.070313 0.338068 0.096875 0.176136
0 0.585156 0.308239 0.079687 0.144886
0 0.582031 0.431818 0.089063 0.136364
0 0.796094 0.649148 0.110937 0.184659
0 0.068750 0.336648 0.100000 0.173295
0 0.335156 0.052557 0.076563 0.105114
0 0.246094 0.896307 0.085938 0.156250
0 0.553125 0.529830 0.109375 0.178977
0 0.118750 0.576705 0.100000 0.187500
0 0.493750 0.696023 0.100000 0.164773
0 0.432813 0.232955 0.090625 0.159091
0 0.224219 0.791193 0.101562 0.184659
0 0.322656 0.335227 0.095312 0.170455