0 0.904688 0.482955 0.118750 0.181818
0 0.554688 0.346591 0.096875 0.147727
0 0.386222 0.955253 0.086222 0.089494
0 0.619531 0.781250 0.101562 0.164773
0 0.553906 0.913352 0.092188 0.167614
0 0.324219 0.055398 0.076563 0.110795
0 0.511719 0.454545 0.095312 0.136364
0 0.049219 0.399148 0.085938 0.150568
0 0.421875 0.088068 0.090625 0.170455
0 0.350000 0.826705 0.096875 0.159091
0 0.453125 0.551136 0.103125 0.164773
0 0.165625 0.946023 0.093750 0.102273
0 0.437500 0.687500 0.106250 0.159091
0 0.144531 0.795455 0.104687 0.187500
0 0.676562 0.664773 0.109375 0.176136
0 0.054688 0.583807 0.096875 0.184659
0 0.292188 0.261364 0.090625 0.170455