0 0.960938 0.813807 0.078124 0.162159
0 0.328906 0.542614 0.095312 0.181818
0 0.332031 0.308239 0.085938 0.184659
0 0.589844 0.921875 0.089063 0.150568
0 0.108594 0.401989 0.089063 0.156250
0 0.110156 0.403409 0.089063 0.153409
0 0.098437 0.815341 0.093750 0.153409
0 0.315625 0.941761 0.078125 0.116477
0 0.692187 0.571023 0.100000 0.170455
0 0.332031 0.308239 0.085938 0.184659
0 0.752344 0.488636 0.098437 0.153409
0 0.143750 0.921875 0.096875 0.150568
0 0.853906 0.279830 0.104687 0.178977
0 0.099219 0.691761 0.095312 0.150568
0 0.328906 0.544034 0.095312 0.178977
0 0.546875 0.360795 0.096875 0.176136
0 0.690625 0.781250 0.103125 0.181818
0 0.690625 0.303977 0.103125 0.170455
0 0.528125 0.691761 0.100000 0.167614
0 0.886719 0.426136 0.123438 0.193182
0 0.107031 0.539773 0.098437 0.164773