0 0.784375 0.446023 0.090625 0.147727
0 0.768750 0.561080 0.100000 0.161932
0 0.476562 0.823864 0.087500 0.147727
0 0.872656 0.791193 0.095312 0.144886
0 0.338281 0.230114 0.089063 0.193182
0 0.036719 0.681818 0.073438 0.181818
0 0.280469 0.812500 0.098437 0.142045
0 0.793750 0.833807 0.103125 0.150568
0 0.289844 0.444602 0.095312 0.190341
0 0.125000 0.262784 0.084375 0.178977
0 0.653125 0.721591 0.096875 0.187500
0 0.248437 0.713068 0.096875 0.164773
0 0.675000 0.323864 0.100000 0.159091
0 0.554688 0.480114 0.103125 0.181818
0 0.500000 0.582386 0.100000 0.170455
0 0.903906 0.653409 0.114063 0.176136