0 0.901563 0.301136 0.103125 0.147727
0 0.248437 0.840909 0.087500 0.142045
0 0.259375 0.438920 0.100000 0.184659
0 0.093750 0.242898 0.084375 0.173295
0 0.309375 0.193182 0.096875 0.198864
0 0.750000 0.830966 0.106250 0.161932
0 0.216406 0.740057 0.098437 0.156250
0 0.882812 0.784091 0.096875 0.136364
0 0.446094 0.855114 0.079687 0.142045
0 0.628906 0.335227 0.098437 0.147727
0 0.723437 0.582386 0.096875 0.153409
0 0.631250 0.734375 0.096875 0.173295
0 0.883594 0.660511 0.117188 0.173295
0 0.525781 0.461648 0.104687 0.190341
0 0.471875 0.593750 0.100000 0.198864
0 0.768750 0.451705 0.096875 0.136364