0 0.623438 0.644886 0.103125 0.147727
0 0.621875 0.779830 0.100000 0.167614
0 0.459375 0.463068 0.087500 0.170455
0 0.446875 0.274148 0.096875 0.150568
0 0.910937 0.312500 0.103125 0.176136
0 0.512500 0.857955 0.103125 0.147727
0 0.536719 0.600852 0.092188 0.139205
0 0.190625 0.705869 0.087500 0.133716
0 0.689062 0.676136 0.112500 0.187500
0 0.432813 0.707386 0.106250 0.147727
0 0.335938 0.440341 0.084375 0.153409
0 0.288281 0.799716 0.089063 0.161932
0 0.768750 0.372159 0.090625 0.159091
0 0.046094 0.470170 0.092188 0.173295
0 0.246875 0.529830 0.112500 0.161932