0 0.693750 0.322443 0.100000 0.167614
0 0.584375 0.814419 0.096875 0.166616
0 0.123438 0.257102 0.087500 0.133523
0 0.340625 0.755682 0.109375 0.210227
0 0.728125 0.865057 0.103125 0.167614
0 0.030469 0.201705 0.060937 0.125000
0 0.128906 0.329545 0.085938 0.159091
0 0.475781 0.329545 0.092188 0.153409
0 0.646875 0.507102 0.100000 0.161932
0 0.363281 0.090909 0.073438 0.164773
0 0.602344 0.627841 0.104687 0.176136
0 0.407031 0.386364 0.089063 0.181818
0 0.094531 0.754261 0.085938 0.156250
0 0.210156 0.544034 0.095312 0.201705