0 0.148438 0.987216 0.075000 0.025568
0 0.719531 0.791193 0.101562 0.167614
0 0.718750 0.791193 0.100000 0.167614
0 0.034375 0.561080 0.068750 0.167614
0 0.739844 0.423295 0.089063 0.181818
0 0.691406 0.615057 0.092188 0.156250
0 0.767187 0.700284 0.100000 0.156250
0 0.483594 0.531250 0.089063 0.170455
0 0.542188 0.411932 0.084375 0.181818
0 0.075000 0.394886 0.090625 0.187500
0 0.465625 0.822443 0.087500 0.161932
0 0.282031 0.764205 0.085938 0.159091
0 0.564062 0.920455 0.090625 0.159090
0 0.266406 0.583807 0.095312 0.167614