0 0.330469 0.944602 0.085938 0.105114
0 0.055469 0.193182 0.079687 0.119318
0 0.055469 0.193182 0.079687 0.119318
0 0.152344 0.315341 0.082812 0.130682
0 0.732813 0.303977 0.096875 0.153409
0 0.131250 0.748580 0.087500 0.161932
0 0.368750 0.125000 0.078125 0.153409
0 0.510938 0.352273 0.090625 0.153409
0 0.157031 0.220170 0.089063 0.144886
0 0.700000 0.484375 0.109375 0.167614
0 0.616406 0.803977 0.098437 0.170455
0 0.386719 0.758523 0.107813 0.198864
0 0.645312 0.600852 0.109375 0.173295
0 0.745313 0.856534 0.103125 0.167614
0 0.253906 0.544034 0.095312 0.196023
0 0.439063 0.400568 0.084375 0.181818