0 0.303906 0.853693 0.089063 0.144886
0 0.850000 0.278409 0.118750 0.170455
0 0.602344 0.376420 0.089063 0.116477
0 0.524219 0.801136 0.089063 0.153409
0 0.060910 0.219779 0.096931 0.183877
0 0.788281 0.616477 0.129688 0.210227
0 0.304688 0.852273 0.087500 0.142045
0 0.442969 0.609375 0.089063 0.150568
0 0.584375 0.721591 0.084375 0.153409
0 0.055469 0.680398 0.101562 0.178977
0 0.248437 0.795455 0.081250 0.136364
0 0.592188 0.471591 0.093750 0.147727
0 0.745313 0.396307 0.109375 0.190341
0 0.635156 0.633523 0.101562 0.187500
0 0.374219 0.338068 0.085938 0.147727
0 0.342969 0.470170 0.092188 0.167614