0 0.704687 0.732955 0.103125 0.142045
0 0.356250 0.318182 0.103125 0.193182
0 0.542969 0.348011 0.082812 0.156250
0 0.210156 0.913352 0.085938 0.167614
0 0.704687 0.737216 0.100000 0.139205
0 0.060937 0.846591 0.093750 0.147727
0 0.860937 0.247159 0.118750 0.164773
0 0.946094 0.764205 0.104687 0.164773
0 0.375781 0.916193 0.101562 0.161932
0 0.669531 0.833807 0.092188 0.167614
0 0.803906 0.610795 0.107813 0.170455
0 0.465625 0.684659 0.100000 0.176136
0 0.732813 0.346591 0.106250 0.176136
0 0.645312 0.467330 0.100000 0.178977
0 0.306250 0.650568 0.087500 0.187500
0 0.560938 0.622159 0.103125 0.193182
0 0.121094 0.578125 0.098437 0.178977