0 0.850781 0.291193 0.101562 0.167614
0 0.834375 0.403409 0.112500 0.147727
0 0.319531 0.386364 0.092188 0.159091
0 0.883594 0.899148 0.095312 0.150568
0 0.447656 0.843750 0.076563 0.125000
0 0.670313 0.549716 0.096875 0.156250
0 0.810156 0.504261 0.098437 0.139205
0 0.537500 0.708807 0.096875 0.161932
0 0.337500 0.157670 0.084375 0.161932
0 0.910156 0.710227 0.101562 0.176136
0 0.039063 0.325284 0.078125 0.190341
0 0.643750 0.316761 0.100000 0.167614
0 0.082812 0.129261 0.100000 0.178977
0 0.616406 0.801136 0.089063 0.164773
0 0.502344 0.342330 0.092188 0.173295
0 0.164844 0.681818 0.098437 0.176136
0 0.267188 0.546875 0.096875 0.184659