0 0.760156 0.325284 0.104687 0.201705
0 0.077344 0.642045 0.092188 0.176136
0 0.531250 0.352273 0.096875 0.170455
0 0.531250 0.352273 0.096875 0.170455
0 0.759375 0.328125 0.103125 0.207386
0 0.367969 0.572443 0.098437 0.161932
0 0.368750 0.571023 0.096875 0.164773
0 0.376563 0.451705 0.090625 0.176136
0 0.078906 0.640625 0.092188 0.173295
0 0.362500 0.781250 0.087500 0.159091
0 0.354688 0.690341 0.100000 0.159091
0 0.351562 0.916193 0.084375 0.167614
0 0.603125 0.686080 0.100000 0.201705
0 0.805469 0.545455 0.101562 0.170455