0 0.375781 0.024148 0.085938 0.048295
0 0.661719 0.511364 0.092188 0.130682
0 0.812500 0.602273 0.121875 0.187500
0 0.811719 0.602273 0.123438 0.187500
0 0.624219 0.404830 0.089063 0.139205
0 0.416406 0.370739 0.085938 0.133523
0 0.791406 0.389205 0.107813 0.181818
0 0.400000 0.482955 0.093750 0.153409
0 0.512500 0.636364 0.081250 0.130682
0 0.323438 0.811080 0.093750 0.150568
0 0.073438 0.205966 0.109375 0.201705
0 0.697656 0.640625 0.107813 0.184659
0 0.088281 0.677557 0.089063 0.178977
0 0.632031 0.751420 0.085938 0.167614