0 0.492969 0.549716 0.079687 0.133523
0 0.067187 0.741477 0.087500 0.136364
0 0.431250 0.654830 0.093750 0.178977
0 0.078906 0.274148 0.101562 0.196023
0 0.789844 0.286932 0.092188 0.164773
0 0.325781 0.938920 0.082812 0.122159
0 0.352344 0.367898 0.095312 0.184659
0 0.683594 0.684659 0.104687 0.187500
0 0.810156 0.798295 0.104687 0.181818
0 0.759375 0.561080 0.109375 0.190341
0 0.892187 0.394886 0.121875 0.181818
0 0.287500 0.829545 0.084375 0.147727
0 0.629687 0.470170 0.109375 0.173295
0 0.196875 0.403409 0.100000 0.187500
0 0.515625 0.805398 0.100000 0.173295