0 0.773438 0.723011 0.103125 0.150568
0 0.774219 0.721591 0.101562 0.153409
0 0.352344 0.305398 0.095312 0.178977
0 0.775781 0.826705 0.095312 0.153409
0 0.584375 0.366477 0.084375 0.159091
0 0.932031 0.167614 0.114063 0.170455
0 0.810156 0.615057 0.101562 0.150568
0 0.050000 0.795455 0.096875 0.147727
0 0.042188 0.940341 0.084375 0.119318
0 0.325000 0.832386 0.090625 0.159091
0 0.540625 0.786932 0.103125 0.147727
0 0.149219 0.788352 0.095312 0.161932
0 0.751562 0.480114 0.100000 0.170455
0 0.185937 0.542614 0.090625 0.176136
0 0.825000 0.328125 0.112500 0.184659
0 0.460938 0.812500 0.093750 0.164773
0 0.402344 0.649148 0.089063 0.184659
0 0.563281 0.664773 0.101562 0.164773