0 0.578906 0.417614 0.089063 0.142045
0 0.578906 0.417614 0.092188 0.142045
0 0.905469 0.447443 0.089063 0.178977
0 0.868750 0.666193 0.118750 0.184659
0 0.739062 0.811080 0.106250 0.178977
0 0.794531 0.649148 0.098437 0.156250
0 0.185156 0.474432 0.107813 0.181818
0 0.746094 0.404830 0.104687 0.139205
0 0.053125 0.870739 0.093750 0.150568
0 0.185156 0.471591 0.110937 0.176136
0 0.905469 0.447443 0.089063 0.178977
0 0.867969 0.660511 0.120312 0.184659
0 0.726562 0.600852 0.106250 0.139205
0 0.645312 0.451705 0.087500 0.170455
0 0.736719 0.811080 0.101562 0.173295
0 0.192188 0.259943 0.103125 0.190341
0 0.389062 0.612216 0.109375 0.156250
0 0.619531 0.303977 0.110937 0.176136
0 0.329688 0.238636 0.106250 0.170455
0 0.313281 0.859375 0.085938 0.156250
0 0.188281 0.609375 0.107813 0.161932
0 0.460156 0.754261 0.101562 0.167614
0 0.516406 0.480114 0.095312 0.153409
0 0.603125 0.676136 0.100000 0.170455