0 0.894531 0.823864 0.107813 0.187500
0 0.882812 0.643466 0.109375 0.184659
0 0.457031 0.778409 0.082812 0.153409
0 0.929688 0.250000 0.128125 0.159091
0 0.112500 0.933239 0.090625 0.133522
0 0.546094 0.884943 0.085938 0.178977
0 0.264844 0.762784 0.101562 0.173295
0 0.057813 0.734375 0.093750 0.150568
0 0.362500 0.294034 0.096875 0.184659
0 0.663281 0.377841 0.085938 0.159091
0 0.049219 0.463068 0.098437 0.181818
0 0.344531 0.896307 0.095312 0.161932
0 0.633594 0.840909 0.085938 0.164773
0 0.293750 0.558239 0.090625 0.178977
0 0.803906 0.451705 0.110937 0.187500
0 0.603125 0.643466 0.100000 0.173295
0 0.497656 0.595170 0.098437 0.167614