0 0.921094 0.784091 0.089063 0.159091
0 0.851562 0.650568 0.096875 0.181818
0 0.388281 0.576705 0.095312 0.170455
0 0.492969 0.348011 0.089063 0.173295
0 0.450781 0.856534 0.082812 0.133523
0 0.725781 0.321023 0.092188 0.130682
0 0.434375 0.450284 0.084375 0.150568
0 0.708594 0.796875 0.085938 0.161932
0 0.632812 0.430398 0.090625 0.150568
0 0.889063 0.353693 0.115625 0.184659
0 0.664844 0.526989 0.092188 0.144886
0 0.248437 0.875000 0.090625 0.159091
0 0.373437 0.839489 0.087500 0.150568
0 0.139062 0.598011 0.090625 0.178977
0 0.589063 0.640625 0.112500 0.184659
0 0.220313 0.303977 0.087500 0.198864