0 0.355469 0.308239 0.098437 0.184659
0 0.512500 0.762784 0.093750 0.156250
0 0.289062 0.836648 0.093750 0.161932
0 0.355469 0.306818 0.098437 0.181818
0 0.040625 0.812500 0.081250 0.142045
0 0.037500 0.937500 0.075000 0.125000
0 0.910156 0.218750 0.107813 0.147727
0 0.746875 0.838068 0.093750 0.142045
0 0.113281 0.809659 0.098437 0.153409
0 0.563281 0.366477 0.079687 0.164773
0 0.744531 0.725852 0.098437 0.144886
0 0.160156 0.536932 0.089063 0.159091
0 0.427344 0.842330 0.092188 0.161932
0 0.803125 0.585227 0.103125 0.147727
0 0.716406 0.492898 0.095312 0.167614
0 0.792188 0.346591 0.106250 0.170455
0 0.375781 0.644886 0.092188 0.193182
0 0.571875 0.673295 0.096875 0.187500