0 0.272656 0.154830 0.095312 0.196023
0 0.886719 0.774148 0.107813 0.144886
0 0.865625 0.311080 0.115625 0.184659
0 0.069531 0.230114 0.089063 0.176136
0 0.751562 0.450284 0.090625 0.144886
0 0.232031 0.873580 0.085938 0.139205
0 0.577344 0.332386 0.092188 0.164773
0 0.419531 0.886364 0.073438 0.130682
0 0.226562 0.444602 0.100000 0.190341
0 0.862500 0.657670 0.118750 0.178977
0 0.495313 0.455966 0.100000 0.184659
0 0.725000 0.838068 0.103125 0.176136
0 0.193750 0.754261 0.093750 0.150568
0 0.437500 0.613636 0.103125 0.193182
0 0.603906 0.735795 0.095312 0.176136
0 0.686719 0.576705 0.095312 0.159091