0 0.867969 0.889205 0.095312 0.142045
0 0.597656 0.553977 0.095312 0.159091
0 0.597656 0.553977 0.095312 0.159091
0 0.751562 0.279830 0.100000 0.178977
0 0.832031 0.750000 0.107813 0.170455
0 0.573438 0.321023 0.100000 0.170455
0 0.391406 0.894886 0.076563 0.130682
0 0.767969 0.534091 0.104687 0.164773
0 0.725781 0.441761 0.110937 0.144886
0 0.455469 0.724432 0.092188 0.159091
0 0.271875 0.076704 0.081250 0.153408
0 0.227344 0.322443 0.092188 0.167614
0 0.099219 0.656250 0.098437 0.176136
0 0.561719 0.791193 0.085938 0.156250
0 0.182812 0.517045 0.100000 0.187500
0 0.427344 0.329545 0.098437 0.187500