0 0.532812 0.680398 0.096875 0.161932
0 0.382812 0.215909 0.084375 0.153409
0 0.883594 0.703125 0.101562 0.184659
0 0.317187 0.069602 0.090625 0.139204
0 0.753125 0.819602 0.087500 0.144886
0 0.735937 0.359375 0.100000 0.144886
0 0.701563 0.515625 0.106250 0.161932
0 0.650781 0.731534 0.098437 0.173295
0 0.420312 0.551136 0.087500 0.136364
0 0.162500 0.454545 0.093750 0.164773
0 0.116406 0.826705 0.076563 0.136364
0 0.250000 0.830966 0.078125 0.122159
0 0.456250 0.757102 0.093750 0.161932
0 0.303125 0.612216 0.087500 0.161932
0 0.230469 0.552557 0.092188 0.156250
0 0.402344 0.416193 0.085938 0.156250