0 0.949219 0.758523 0.098437 0.159091
0 0.934375 0.877841 0.106250 0.153409
0 0.685938 0.828125 0.106250 0.178977
0 0.732031 0.723011 0.110937 0.139205
0 0.706250 0.294034 0.106250 0.167614
0 0.475781 0.312500 0.070313 0.142045
0 0.424219 0.866477 0.085938 0.142045
0 0.333594 0.316761 0.092188 0.207386
0 0.511719 0.738636 0.095312 0.164773
0 0.707031 0.399148 0.110937 0.144886
0 0.248437 0.889205 0.081250 0.164773
0 0.716406 0.625000 0.104687 0.153409
0 0.145313 0.590909 0.103125 0.176136
0 0.571875 0.457386 0.090625 0.187500
0 0.401563 0.626420 0.100000 0.190341