0 0.770312 0.312500 0.090625 0.142045
0 0.893750 0.657670 0.096875 0.173295
0 0.892969 0.657670 0.095312 0.173295
0 0.270312 0.325284 0.096875 0.190341
0 0.269531 0.326705 0.095312 0.193182
0 0.249219 0.819602 0.098437 0.161932
0 0.474219 0.845170 0.085938 0.144886
0 0.483594 0.473011 0.085938 0.150568
0 0.770312 0.312500 0.090625 0.136364
0 0.524219 0.365057 0.089063 0.173295
0 0.729688 0.791193 0.090625 0.156250
0 0.683594 0.410511 0.098437 0.139205
0 0.903125 0.336648 0.115625 0.196023
0 0.707812 0.529830 0.093750 0.139205
0 0.037500 0.400568 0.075000 0.181818
0 0.624219 0.646307 0.107813 0.173295
0 0.398438 0.811080 0.087500 0.156250
0 0.420312 0.600852 0.090625 0.167614
0 0.177344 0.588068 0.089063 0.176136