0 0.896875 0.919034 0.096875 0.150568
0 0.912500 0.453125 0.100000 0.184659
0 0.490625 0.323864 0.078125 0.147727
0 0.837500 0.279830 0.112500 0.178977
0 0.560156 0.846591 0.082812 0.136364
0 0.247656 0.176136 0.082812 0.181818
0 0.664844 0.674716 0.082812 0.167614
0 0.153125 0.536863 0.093750 0.170315
0 0.652344 0.423295 0.089063 0.164773
0 0.743750 0.747159 0.084375 0.164773
0 0.520312 0.495739 0.087500 0.144886
0 0.142969 0.427557 0.089063 0.156250
0 0.821094 0.553977 0.101562 0.170455
0 0.314844 0.410511 0.095312 0.173295
0 0.431250 0.573864 0.100000 0.181818
0 0.299219 0.848011 0.095312 0.167614