0 0.519531 0.857955 0.082812 0.170455
0 0.846316 0.404646 0.108257 0.169697
0 0.742188 0.714489 0.106250 0.167614
0 0.150781 0.086648 0.092188 0.156250
0 0.048438 0.417614 0.093750 0.176136
0 0.559375 0.710227 0.121875 0.204545
0 0.301562 0.171875 0.087500 0.150568
0 0.788281 0.521307 0.114063 0.173295
0 0.628906 0.326705 0.098437 0.164773
0 0.200781 0.235795 0.089063 0.153409
0 0.101562 0.576705 0.087500 0.159091
0 0.553906 0.444602 0.098437 0.190341
0 0.265625 0.711648 0.087500 0.167614
0 0.367969 0.534091 0.101562 0.193182
0 0.436889 0.334343 0.082667 0.161616