0 0.864844 0.880682 0.101562 0.170455
0 0.685156 0.295455 0.095312 0.164773
0 0.611719 0.485795 0.098437 0.164773
0 0.110937 0.473011 0.100000 0.184659
0 0.685156 0.295455 0.095312 0.164773
0 0.037500 0.661932 0.075000 0.170455
0 0.514063 0.352273 0.090625 0.164773
0 0.532031 0.551136 0.089063 0.164773
0 0.343750 0.948864 0.075000 0.102272
0 0.758594 0.748580 0.104687 0.190341
0 0.367969 0.723011 0.076563 0.167614
0 0.138281 0.316761 0.095312 0.167614
0 0.341406 0.312500 0.092188 0.170455
0 0.494531 0.802557 0.092188 0.161932
0 0.708444 0.574343 0.099556 0.174545