0 0.426562 0.745739 0.115625 0.139205
0 0.279687 0.265625 0.087500 0.178977
0 0.241406 0.867898 0.089063 0.150568
0 0.904688 0.276989 0.121875 0.190341
0 0.643750 0.809659 0.090625 0.164773
0 0.242188 0.869318 0.087500 0.153409
0 0.280469 0.265625 0.085938 0.178977
0 0.905469 0.276989 0.120312 0.190341
0 0.364844 0.897727 0.095312 0.153409
0 0.693750 0.602273 0.106250 0.147727
0 0.409375 0.666193 0.109375 0.161932
0 0.131250 0.463068 0.096875 0.181818
0 0.515625 0.335227 0.087500 0.176136
0 0.661719 0.464489 0.104687 0.161932
0 0.732031 0.703125 0.104687 0.161932
0 0.409375 0.419034 0.093750 0.190341
0 0.154687 0.651989 0.103125 0.190341