0 0.539062 0.605114 0.109375 0.181818
0 0.921875 0.928977 0.112500 0.136364
0 0.035937 0.237216 0.071874 0.184659
0 0.477344 0.670455 0.095312 0.159091
0 0.538281 0.603693 0.107813 0.178977
0 0.311719 0.602273 0.089063 0.147727
0 0.262500 0.923295 0.084375 0.147727
0 0.764867 0.284298 0.095267 0.164359
0 0.587500 0.369318 0.084375 0.153409
0 0.315868 0.252275 0.080765 0.148858
0 0.171094 0.886364 0.079687 0.142045
0 0.717233 0.614740 0.118932 0.185349
0 0.477344 0.386364 0.085938 0.159091
0 0.665625 0.399148 0.100000 0.201705
0 0.241406 0.467330 0.095312 0.167614