0 0.154687 0.687500 0.093750 0.170455
0 0.865625 0.534091 0.103125 0.164773
0 0.896875 0.710227 0.125000 0.159091
0 0.861719 0.245739 0.126563 0.190341
0 0.669531 0.615057 0.114063 0.150568
0 0.569531 0.816761 0.098437 0.150568
0 0.348437 0.838068 0.081250 0.136364
0 0.512500 0.715909 0.106250 0.164773
0 0.792969 0.781250 0.101562 0.153409
0 0.698438 0.330966 0.112500 0.173295
0 0.571094 0.380682 0.101562 0.159091
0 0.500781 0.470170 0.092188 0.173295
0 0.325000 0.241477 0.096875 0.159091
0 0.146094 0.205966 0.089063 0.184659
0 0.262500 0.453125 0.096875 0.190341
0 0.371875 0.419034 0.090625 0.161932