0 0.556818 0.608594 0.164773 0.073438
0 0.813920 0.439063 0.156250 0.084375
0 0.474432 0.460938 0.147727 0.071875
0 0.914773 0.650000 0.119318 0.071875
0 0.073864 0.703125 0.147727 0.075000
0 0.062500 0.450000 0.125000 0.087500
0 0.092329 0.635156 0.173295 0.076563
0 0.600852 0.451562 0.161932 0.081250
0 0.133523 0.879687 0.159091 0.084375
0 0.134943 0.494531 0.150568 0.085938
0 0.845170 0.582812 0.127841 0.081250
0 0.745739 0.322656 0.150568 0.085938
0 0.556818 0.708594 0.153409 0.079687
0 0.392045 0.750781 0.136364 0.076563